************************************************************
Sun Mar 27 12:24:46 2016
With Gaussian process model for individuals
   gi and dbh regression uncoupled
     using raw data
5 individuals discarded from growth increment analysis
because of missing covariate data (plot, radiation, slope,
aspect, twi)
Inference for Stan model: gi-plus-dbh-uncoupled.
4 chains, each with iter=2500; warmup=1250; thin=1; 
post-warmup draws per chain=1250, total post-warmup draws=5000.

                       mean se_mean    sd   2.5%    25%    50%    75%  97.5% n_eff  Rhat
beta_0_gi             0.962   0.002 0.065  0.828  0.922  0.962  1.004  1.091  1724 1.001
beta_ppt[1]           0.135   0.000 0.011  0.113  0.127  0.135  0.142  0.157   977 1.010
beta_ppt[2]           0.073   0.000 0.013  0.048  0.064  0.073  0.082  0.099   906 1.003
beta_ppt[3]          -0.054   0.000 0.015 -0.084 -0.064 -0.053 -0.043 -0.024  1012 1.007
beta_ppt[4]           0.001   0.000 0.016 -0.030 -0.009  0.001  0.012  0.033  1045 1.007
beta_ppt[5]           0.155   0.000 0.011  0.134  0.147  0.155  0.163  0.177  1262 1.002
beta_ppt[6]           0.059   0.000 0.007  0.045  0.054  0.059  0.064  0.073  5000 1.000
beta_ppt[7]           0.119   0.000 0.015  0.089  0.109  0.119  0.129  0.149   922 1.012
beta_ppt[8]           0.007   0.000 0.014 -0.020 -0.003  0.007  0.017  0.035   989 1.009
beta_ppt[9]           0.126   0.000 0.011  0.104  0.118  0.126  0.134  0.148  1363 1.000
beta_ppt[10]         -0.007   0.000 0.014 -0.034 -0.016 -0.007  0.002  0.021  1765 1.001
beta_ppt[11]          0.053   0.000 0.014  0.024  0.043  0.053  0.062  0.081  1937 1.001
beta_ppt[12]         -0.009   0.000 0.013 -0.034 -0.017 -0.009  0.000  0.017  1075 1.010
beta_tmn[1]           0.038   0.000 0.012  0.016  0.030  0.038  0.046  0.061  1385 1.007
beta_tmn[2]          -0.147   0.000 0.014 -0.175 -0.157 -0.147 -0.138 -0.119  1351 1.007
beta_tmn[3]          -0.103   0.001 0.022 -0.147 -0.118 -0.103 -0.089 -0.060   927 1.010
beta_tmn[4]           0.013   0.000 0.012 -0.010  0.005  0.013  0.021  0.037  1330 1.001
beta_tmn[5]           0.046   0.000 0.014  0.019  0.037  0.046  0.056  0.075  1085 1.005
beta_tmn[6]          -0.097   0.001 0.015 -0.127 -0.108 -0.097 -0.087 -0.068   795 1.005
beta_tmn[7]           0.058   0.000 0.010  0.039  0.052  0.059  0.065  0.077  1761 1.003
beta_tmn[8]           0.048   0.000 0.009  0.029  0.041  0.048  0.054  0.066  1903 1.001
beta_tmn[9]          -0.010   0.000 0.011 -0.031 -0.017 -0.010 -0.002  0.011  1613 1.000
beta_tmn[10]         -0.037   0.000 0.011 -0.059 -0.044 -0.037 -0.029 -0.014  2352 1.001
beta_tmn[11]          0.071   0.000 0.014  0.043  0.061  0.071  0.080  0.099  1205 1.000
beta_tmn[12]         -0.044   0.000 0.012 -0.067 -0.052 -0.045 -0.036 -0.021  1423 1.001
mu_site[1]            0.915   0.003 0.111  0.671  0.851  0.922  0.985  1.119  1416 1.002
mu_site[2]            1.086   0.005 0.130  0.870  0.992  1.076  1.165  1.370   809 1.006
mu_site[3]            0.953   0.003 0.126  0.702  0.881  0.949  1.025  1.208  2454 1.001
mu_site[4]            1.026   0.004 0.146  0.764  0.930  1.012  1.113  1.349  1606 1.002
mu_site[5]            1.065   0.004 0.134  0.844  0.970  1.049  1.147  1.357  1244 1.004
mu_site[6]            1.018   0.003 0.143  0.753  0.925  1.006  1.101  1.326  1819 1.001
mu_site[7]            0.840   0.004 0.127  0.563  0.762  0.854  0.930  1.054  1058 1.007
mu_site[8]            0.968   0.002 0.116  0.730  0.900  0.967  1.036  1.199  2169 1.001
mu_site[9]            0.978   0.002 0.112  0.765  0.905  0.974  1.047  1.214  2758 1.001
mu_site[10]           0.917   0.004 0.150  0.585  0.833  0.923  1.004  1.207  1792 1.003
mu_site[11]           1.026   0.003 0.141  0.769  0.937  1.010  1.103  1.341  1646 1.001
mu_site[12]           0.857   0.004 0.129  0.575  0.779  0.872  0.946  1.079  1001 1.009
mu_site[13]           0.959   0.002 0.116  0.731  0.886  0.957  1.029  1.197  2932 1.000
mu_site[14]           0.893   0.003 0.125  0.625  0.819  0.903  0.975  1.112  1920 1.004
mu_site[15]           0.966   0.002 0.123  0.713  0.893  0.963  1.039  1.224  2698 1.000
sigma_indiv           0.388   0.000 0.029  0.336  0.368  0.386  0.406  0.448  3987 1.000
sigma_site_gi         0.141   0.004 0.075  0.022  0.088  0.135  0.187  0.308   356 1.025
eta_sq                0.107   0.000 0.005  0.098  0.104  0.107  0.111  0.118  5000 1.000
rho_sq                0.117   0.000 0.006  0.105  0.112  0.116  0.121  0.130  5000 1.000
sigma_sq              0.049   0.000 0.001  0.046  0.048  0.049  0.050  0.052  5000 1.000
beta_0_dbh            0.026   0.003 0.050 -0.060  0.005  0.024  0.044  0.138   230 1.012
beta_size             0.986   0.000 0.006  0.975  0.982  0.986  0.990  0.998  3706 1.000
beta_height_ratio     0.020   0.000 0.006  0.007  0.015  0.019  0.024  0.033  3927 1.000
gamma_radiation_dbh  -0.013   0.000 0.008 -0.030 -0.019 -0.013 -0.008  0.003  3253 1.000
gamma_slope_dbh      -0.010   0.000 0.009 -0.029 -0.016 -0.010 -0.004  0.009  3618 1.000
gamma_aspect_dbh     -0.022   0.000 0.009 -0.040 -0.028 -0.022 -0.017 -0.006  3177 1.000
gamma_twi_dbh        -0.001   0.000 0.011 -0.022 -0.007 -0.001  0.006  0.022  2590 1.000
gamma_radiation_gi   -0.034   0.001 0.060 -0.152 -0.073 -0.034  0.005  0.087  1993 1.003
gamma_slope_gi        0.096   0.001 0.064 -0.033  0.056  0.096  0.137  0.216  2123 1.002
gamma_aspect_gi      -0.027   0.001 0.062 -0.140 -0.067 -0.029  0.010  0.104  1957 1.001
gamma_twi_gi          0.159   0.002 0.079 -0.007  0.112  0.160  0.210  0.312  1419 1.004
sigma_resid           0.094   0.000 0.003  0.089  0.092  0.094  0.096  0.100  5000 1.000
sigma_site_dbh        0.022   0.000 0.009  0.008  0.016  0.021  0.028  0.043  1226 1.001
sigma_species         0.072   0.003 0.076  0.019  0.035  0.052  0.081  0.253   517 1.004
beta_size_gi         -0.003   0.001 0.065 -0.130 -0.047 -0.004  0.041  0.127  2486 1.000
beta_height_ratio_gi  0.014   0.002 0.068 -0.118 -0.033  0.015  0.061  0.146  1633 1.001

Samples were drawn using NUTS(diag_e) at Sun Mar 27 12:24:46 2016.
For each parameter, n_eff is a crude measure of effective sample size,
and Rhat is the potential scale reduction factor on split chains (at 
convergence, Rhat=1).


************************************************************
Sun Mar 27 13:08:00 2016
With Gaussian process model for individuals
   gi regression proportional to dbh regression
     using raw data
5 individuals discarded from growth increment analysis
because of missing covariate data (plot, radiation, slope,
aspect, twi)
Inference for Stan model: gi-plus-dbh.
4 chains, each with iter=2500; warmup=1250; thin=1; 
post-warmup draws per chain=1250, total post-warmup draws=5000.

                       mean se_mean    sd   2.5%    25%    50%    75%  97.5% n_eff  Rhat
beta_0_gi             0.947   0.001 0.062  0.821  0.907  0.947  0.987  1.068  3182 1.000
beta_ppt[1]           0.134   0.000 0.012  0.111  0.126  0.134  0.142  0.157   853 1.009
beta_ppt[2]           0.073   0.000 0.013  0.046  0.064  0.072  0.081  0.099   773 1.005
beta_ppt[3]          -0.053   0.001 0.016 -0.084 -0.063 -0.053 -0.043 -0.022   918 1.007
beta_ppt[4]           0.002   0.001 0.017 -0.030 -0.009  0.002  0.014  0.035   920 1.008
beta_ppt[5]           0.155   0.000 0.011  0.133  0.147  0.155  0.162  0.178  1282 1.002
beta_ppt[6]           0.059   0.000 0.007  0.044  0.054  0.059  0.064  0.073  3390 1.001
beta_ppt[7]           0.119   0.001 0.016  0.087  0.108  0.118  0.129  0.151   868 1.007
beta_ppt[8]           0.008   0.001 0.015 -0.021 -0.002  0.008  0.018  0.037   838 1.008
beta_ppt[9]           0.126   0.000 0.011  0.103  0.118  0.126  0.133  0.148  1700 1.003
beta_ppt[10]         -0.007   0.000 0.014 -0.035 -0.016 -0.007  0.003  0.022  1780 1.001
beta_ppt[11]          0.052   0.000 0.014  0.023  0.042  0.052  0.062  0.079  1679 1.004
beta_ppt[12]         -0.008   0.000 0.013 -0.035 -0.017 -0.009  0.001  0.017  1027 1.007
beta_tmn[1]           0.038   0.000 0.012  0.016  0.030  0.038  0.046  0.061  1501 1.003
beta_tmn[2]          -0.147   0.000 0.014 -0.174 -0.156 -0.147 -0.137 -0.120  1474 1.007
beta_tmn[3]          -0.102   0.001 0.023 -0.147 -0.117 -0.102 -0.087 -0.059   840 1.007
beta_tmn[4]           0.013   0.000 0.012 -0.009  0.005  0.014  0.021  0.037  1131 1.006
beta_tmn[5]           0.046   0.000 0.015  0.018  0.036  0.046  0.056  0.075   915 1.005
beta_tmn[6]          -0.097   0.001 0.016 -0.127 -0.107 -0.096 -0.086 -0.066   700 1.006
beta_tmn[7]           0.058   0.000 0.010  0.039  0.051  0.058  0.065  0.078  1468 1.001
beta_tmn[8]           0.048   0.000 0.009  0.030  0.041  0.047  0.054  0.066  2614 1.001
beta_tmn[9]          -0.010   0.000 0.011 -0.030 -0.017 -0.010 -0.003  0.012  2100 1.002
beta_tmn[10]         -0.037   0.000 0.011 -0.058 -0.044 -0.037 -0.029 -0.014  2683 1.000
beta_tmn[11]          0.070   0.000 0.015  0.041  0.060  0.070  0.080  0.099  1087 1.004
beta_tmn[12]         -0.044   0.000 0.012 -0.067 -0.052 -0.044 -0.036 -0.021  1623 1.002
mu_site[1]            0.776   0.001 0.102  0.576  0.709  0.778  0.846  0.973  5000 1.000
mu_site[2]            0.991   0.001 0.097  0.808  0.925  0.989  1.053  1.191  5000 1.000
mu_site[3]            1.054   0.002 0.128  0.811  0.965  1.052  1.138  1.310  5000 1.000
mu_site[4]            0.973   0.002 0.143  0.694  0.880  0.969  1.064  1.261  5000 1.000
mu_site[5]            1.128   0.003 0.123  0.900  1.040  1.122  1.211  1.381  2407 1.001
mu_site[6]            0.968   0.002 0.149  0.678  0.873  0.964  1.063  1.272  5000 1.000
mu_site[7]            0.664   0.003 0.112  0.442  0.589  0.662  0.739  0.888  1256 1.002
mu_site[8]            0.985   0.001 0.103  0.789  0.917  0.984  1.057  1.188  5000 1.001
mu_site[9]            0.989   0.002 0.111  0.767  0.917  0.987  1.062  1.214  5000 1.000
mu_site[10]           0.865   0.002 0.118  0.630  0.787  0.868  0.944  1.102  5000 1.000
mu_site[11]           1.147   0.002 0.114  0.926  1.068  1.146  1.222  1.375  2151 1.001
mu_site[12]           0.808   0.002 0.120  0.564  0.728  0.810  0.891  1.037  5000 1.001
mu_site[13]           0.961   0.002 0.114  0.733  0.889  0.961  1.034  1.188  5000 1.000
mu_site[14]           0.917   0.001 0.098  0.723  0.854  0.919  0.980  1.112  5000 1.001
mu_site[15]           1.008   0.002 0.130  0.760  0.922  1.006  1.088  1.273  3728 1.001
sigma_indiv           0.384   0.000 0.029  0.333  0.364  0.383  0.403  0.444  5000 1.001
sigma_site_gi         0.184   0.002 0.063  0.071  0.143  0.179  0.219  0.328   923 1.003
eta_sq                0.108   0.000 0.005  0.098  0.104  0.107  0.111  0.118  5000 1.001
rho_sq                0.116   0.000 0.006  0.105  0.112  0.116  0.121  0.129  5000 1.000
sigma_sq              0.049   0.000 0.001  0.046  0.048  0.049  0.050  0.052  5000 1.000
beta_0_dbh            0.036   0.008 0.054 -0.053  0.010  0.030  0.054  0.168    50 1.063
beta_size             0.986   0.000 0.006  0.975  0.982  0.986  0.990  0.998  5000 1.000
beta_height_ratio     0.019   0.000 0.006  0.007  0.015  0.019  0.024  0.032  5000 1.000
gamma_radiation_dbh  -0.013   0.000 0.008 -0.031 -0.018 -0.013 -0.008  0.003  3256 1.000
gamma_slope_dbh      -0.010   0.000 0.010 -0.030 -0.016 -0.010 -0.004  0.009  2872 1.001
gamma_aspect_dbh     -0.023   0.000 0.008 -0.039 -0.028 -0.023 -0.017 -0.006  3199 1.000
gamma_twi_dbh        -0.001   0.000 0.011 -0.022 -0.008 -0.001  0.006  0.022  2583 1.000
gamma_radiation_gi   -0.001   0.000 0.001 -0.002 -0.001  0.000  0.000  0.000  4090 1.000
gamma_slope_gi        0.000   0.000 0.001 -0.002 -0.001  0.000  0.000  0.000  3201 1.001
gamma_aspect_gi      -0.001   0.000 0.001 -0.003 -0.001 -0.001  0.000  0.000  5000 1.000
gamma_twi_gi          0.000   0.000 0.001 -0.001  0.000  0.000  0.000  0.001  3149 1.001
sigma_resid           0.094   0.000 0.003  0.089  0.092  0.094  0.096  0.100  5000 1.000
sigma_site_dbh        0.022   0.000 0.010  0.008  0.015  0.021  0.027  0.045  1093 1.006
sigma_species         0.079   0.006 0.078  0.020  0.037  0.054  0.090  0.296   173 1.010
alpha                 0.042   0.000 0.033  0.002  0.016  0.035  0.062  0.118  5000 1.000
beta_size_gi          0.041   0.000 0.032  0.002  0.016  0.034  0.061  0.116  5000 1.000
beta_height_ratio_gi  0.001   0.000 0.001  0.000  0.000  0.001  0.001  0.003  5000 1.000

Samples were drawn using NUTS(diag_e) at Sun Mar 27 13:08:00 2016.
For each parameter, n_eff is a crude measure of effective sample size,
and Rhat is the potential scale reduction factor on split chains (at 
convergence, Rhat=1).
