year	month	ppt.mm	TmeanC	TmaxC
1981	1	3.039999962	1.0400002	8.510000229
1981	2	15.30000019	0.810000181	8.930000305
1981	3	94.84999847	0.960000038	7.050000191
1981	4	32.11999893	7.634999752	15.73999977
1981	5	52.34000015	10.14999962	17.47999954
1981	6	37.93000031	17.20499992	26.34000015
1981	7	76.41999817	18.17499924	25.61000061
1981	8	109.25	16.58499908	23.90999985
1981	9	83.76000214	13.85499954	20.96999931
1981	10	38.61999893	8.340000153	14.84000015
1981	11	20.12999916	4.069999695	11.57999992
1981	12	3.710000038	0.074999809	6.699999809
1982	1	62.18999863	-1.909999967	3.799999952
1982	2	67.83999634	-1.859999895	5.360000134
1982	3	60.56000137	1.714999914	7.809999943
1982	4	10.76000023	4.955000401	11.81000042
1982	5	52.93000031	9.23500061	16.76000023
1982	6	4.53000021	14.95499992	23.59000015
1982	7	60.72000122	18.29000092	26.35000038
1982	8	142.2899933	17.02500153	23.70000076
1982	9	60.24000168	13.31499958	19.65999985
1982	10	26.13999939	7.039999962	14.61999989
1982	11	49.13999939	1.690000057	7
1982	12	90.69000244	-2.105000019	3.109999895
1983	1	48.79999924	-1.310000181	5.599999905
1983	2	50.40000153	-0.815000057	5.480000019
1983	3	96.15000153	1.099999905	6.599999905
1983	4	35.06000137	2.53000021	9.470000267
1983	5	21.95000076	8.619999886	16.61000061
1983	6	14.14000034	14.51499939	22.87999916
1983	7	46.70999908	18.11499977	26.04000092
1983	8	88.34999847	17.52999878	24.38999939
1983	9	36.59999847	15.51499939	23.54999924
1983	10	51.45999908	8.779999733	15.26000023
1983	11	29.88999939	2.129999876	8.529999733
1983	12	86.02999878	-1.664999962	3.329999924
1984	1	30.94000053	-3.189999819	4.099999905
1984	2	13.93000031	-0.559999943	6.539999962
1984	3	38.59000015	1.055000067	8.220000267
1984	4	44.06000137	4.119999886	11.84000015
1984	5	6.349999905	12.65000057	21.29000092
1984	6	52.20000076	14.74500084	22.86000061
1984	7	50.83000183	17.55500031	25.35000038
1984	8	104.5400009	16.29999924	23.45000076
1984	9	53.49000168	13.90999985	21.30999947
1984	10	97.33000183	4.630000114	9.380000114
1984	11	22.39999962	2.225000143	8.760000229
1984	12	91.05000305	-1.099999905	3.920000076
1985	1	53.20000076	-2.795000076	3.160000086
1985	2	42.97000122	-3.090000153	3.960000038
1985	3	100.1100006	2.179999828	8.109999657
1985	4	70.26000214	6.420000076	14.10999966
1985	5	36.45999908	10.53499985	17.86000061
1985	6	33.70999908	15.57999992	24.38999939
1985	7	92.55000305	17.40999985	25.31999969
1985	8	94.73999786	16.875	25.02000046
1985	9	99.80999756	11.86999989	19.39999962
1985	10	86.34999847	7.890000343	14.80000019
1985	11	44.45000076	1.649999857	7.329999924
1985	12	16.81999969	-1.605000019	5.449999809
1986	1	4.429999828	1.320000172	8.970000267
1986	2	62.97999954	0.930000067	6.630000114
1986	3	30.44000053	3.804999828	11.28999996
1986	4	75.38999939	5.789999962	12.32999992
1986	5	38.90999985	10.56500053	18.44000053
1986	6	84.04000092	14.125	21.27000046
1986	7	55.65999985	16.15000153	22.87000084
1986	8	99.04000092	16.875	24.44000053
1986	9	65.61000061	11.85000038	18.89999962
1986	10	99.34999847	6.525000095	13.15999985
1986	11	66.36000061	1.785000086	7.380000114
1986	12	37.84000015	-1.620000124	4.579999924
1987	1	60.29999924	-3.605000257	3.559999943
1987	2	74.18000031	-1.245000124	4.559999943
1987	3	27.01000023	-0.109999895	6.670000076
1987	4	27.82999992	5.600000381	13.72000027
1987	5	56.08000183	9.400000572	16.11000061
1987	6	28.19000053	15.09000015	23.75
1987	7	67.37999725	16.32999992	25.06999969
1987	8	70.55000305	15.86499977	23.26000023
1987	9	17.89999962	12.70499992	20.98999977
1987	10	26.80999947	9.320000648	17.69000053
1987	11	65.52999878	1.045000076	7.590000153
1987	12	40.43999863	-3.300000191	3.079999924
1988	1	68.11000061	-4.600000381	2.150000095
1988	2	15.15999985	-0.170000076	7.179999828
1988	3	17.65999985	0.964999914	8.399999619
1988	4	95.16999817	5.509999752	12.97999954
1988	5	25.5	10.38500023	18.19000053
1988	6	71.73000336	15.28000069	22.68000031
1988	7	69.69000244	17.36999893	25.06999969
1988	8	182.1900024	16.43000031	22.30999947
1988	9	64.77999878	12.02999973	19.17000008
1988	10	18.20000076	9.444999695	17.68000031
1988	11	43.50999832	2.699999809	8.859999657
1988	12	15.52999973	-2.184999943	4.369999886
1989	1	52.36999893	-2.63499999	4.21999979
1989	2	41.95999908	0.664999962	7.190000057
1989	3	30.17000008	5.769999981	13.57999992
1989	4	1.559999943	9.410000801	17.45000076
1989	5	12.71000004	11.88000011	20.62000084
1989	6	7.900000095	15.42500019	23.93000031
1989	7	96.33999634	17.99499893	25.64999962
1989	8	107.0800018	15.85499954	23.09000015
1989	9	51.15000153	13.47999954	21.64999962
1989	10	48.15000153	7.664999962	15.17000008
1989	11	0	2.185000181	9.470000267
1989	12	11.89000034	-2.824999809	3.710000038
1990	1	42.70000076	-4.085000038	2.660000086
1990	2	43.52999878	-2.15500021	4.960000038
1990	3	52.15999985	2.300000191	8.970000267
1990	4	58.79999924	6.375	13.23999977
1990	5	33.52999878	9.300000191	17.04000092
1990	6	23.20999908	17.01499939	26.23999977
1990	7	99.08000183	16.78999901	24.38999939
1990	8	92.76000214	14.92000008	22.23999977
1990	9	130.6100006	14.00499916	21.30999947
1990	10	12.63000011	8.045000076	16.15999985
1990	11	67.88999939	2.175000191	8.850000381
1990	12	62.20000076	-4.609999657	2.269999981
1991	1	23.21999931	-4.005000114	2.75999999
1991	2	22.87000084	0.654999971	8.420000076
1991	3	85.91000366	0.089999914	6.449999809
1991	4	1.389999986	5.150000095	13.57999992
1991	5	49.74000168	9.905000687	18.52000046
1991	6	52.59000015	13.90999985	22.26000023
1991	7	134.1300049	16.35000038	24.03000069
1991	8	104.6399994	15.76000023	22.81999969
1991	9	70.5	12.07999992	19.19000053
1991	10	16.96999931	9.140000343	17.43000031
1991	11	108.0500031	-0.224999905	5.880000114
1991	12	75.97000122	-3.124999762	2.400000095
1992	1	39.66999817	-3.769999981	3.140000105
1992	2	39.88000107	-0.734999895	5.320000172
1992	3	45.09999847	2.009999752	8.569999695
1992	4	13.82999992	7.200000286	15.26000023
1992	5	80.83999634	10.16499996	17.12999916
1992	6	14.01000023	13.82499981	22.17000008
1992	7	44.15000153	16.46500015	24.21999931
1992	8	108.0400009	15.56999969	23.21999931
1992	9	30.67000008	13.41499996	21.55999947
1992	10	30	9.239999771	17.51000023
1992	11	56.34999847	-2.460000038	3.5
1992	12	55.31999969	-4.920000076	1.110000014
1993	1	140.8399963	-2.289999962	2.859999895
1993	2	59.95999908	-1.820000052	3.25999999
1993	3	52.77999878	1.765000105	8.840000153
1993	4	3.99000001	5.215000153	13.13000011
1993	5	24.40999985	9.704999924	17.68000031
1993	6	10.85999966	14.57999992	23.34000015
1993	7	45.68999863	17.95499992	26.32999992
1993	8	104.4700012	16.38500023	23.21999931
1993	9	27.36000061	12.44499969	20.55999947
1993	10	26.13999939	7.339999676	14.98999977
1993	11	55.47999954	-0.855000019	5.659999847
1993	12	12.26000023	-2.849999905	3.910000086
1994	1	20.06999969	-1.985000134	4.960000038
1994	2	37.90999985	-3	3.930000067
1994	3	58.91999817	2.420000315	9.31000042
1994	4	54.04000092	5.519999981	13.01000023
1994	5	54.15000153	10.38500023	18.26000023
1994	6	13.22000027	17.53000069	26.28000069
1994	7	77.52999878	18.33499908	26.94000053
1994	8	156.9400024	17.67499924	25.30999947
1994	9	60.04999924	13.19999981	20.73999977
1994	10	83.95999908	6.855000019	14.10000038
1994	11	84.70999908	-0.434999943	5.710000038
1994	12	29.94000053	-1.325000048	4.889999866
1995	1	87.48000336	-3.194999933	2.349999905
1995	2	31.89999962	2.130000114	9
1995	3	70.76999664	2.145000219	8.640000343
1995	4	90.63999939	3.394999981	10.65999985
1995	5	44.52000046	8.400000572	15.72000027
1995	6	25.61000061	13.60499954	22.23999977
1995	7	57.72000122	16.74500084	25.28000069
1995	8	56.49000168	17.72999954	25.5
1995	9	43.91999817	13.43999958	21.14999962
1995	10	0	8.265000343	17.20000076
1995	11	23.89999962	3.345000267	10.27000046
1995	12	10.80000019	-1.215000153	5.119999886
1996	1	32.79000092	-2.684999704	4.03000021
1996	2	32.74000168	1.49000001	7.960000038
1996	3	14.97999954	1.035000086	8.670000076
1996	4	4.349999905	6.384999752	14.93999958
1996	5	0	13.59000015	22.75
1996	6	46.22000122	16.57500076	25.43000031
1996	7	63.99000168	17.94499969	25.65999985
1996	8	78.05999756	16.83499908	24.37999916
1996	9	34.59999847	11.64500046	19.01000023
1996	10	88.01000214	7.144999981	14.64999962
1996	11	42.77000046	2.519999981	9.369999886
1996	12	10.92000008	-2.03000021	4.539999962
1997	1	103.7099991	-3.399999857	2.269999981
1997	2	57.90999985	-0.994999886	5.860000134
1997	3	11.93000031	3.529999971	11.88000011
1997	4	75.16999817	3.419999838	10.39999962
1997	5	41.68000031	10.08500004	17.55999947
1997	6	37.63999939	14.74500084	23.11000061
1997	7	89.66000366	17.55500031	25.80999947
1997	8	113.9400024	16.67000008	23.95000076
1997	9	95.66999817	14.79500008	22.06999969
1997	10	15.19999981	7.755000114	15.76000023
1997	11	43.25	0.74000001	6.710000038
1997	12	65.58000183	-3.630000114	2.5
1998	1	22.98999977	-1.474999905	5.300000191
1998	2	41.59000015	-2.064999819	4.230000019
1998	3	37.83000183	1.269999981	8.579999924
1998	4	31.20999908	3.464999914	11
1998	5	5.159999847	10.86000061	19.43000031
1998	6	9.869999886	15.09999943	24.20999908
1998	7	84.01000214	18.31499863	25.88999939
1998	8	74.16000366	17.19000053	24.84000015
1998	9	48.27999878	15.69000053	23.68000031
1998	10	91.04000092	8.070000648	15.02000046
1998	11	43.09000015	2.730000019	9.140000343
1998	12	2.470000029	-0.754999876	5.880000114
1999	1	14.28999996	0.174999952	6.610000134
1999	2	8.100000381	0.9599998	8.109999657
1999	3	50.47999954	3.609999657	10.68999958
1999	4	59.22999954	4.670000076	12.39999962
1999	5	58.56999969	9.399999619	17.14999962
1999	6	45.18000031	14.60499954	23.20999908
1999	7	87.62000275	17.29999924	24.12000084
1999	8	172.2599945	16.02999878	22.63999939
1999	9	35.97000122	12.93500042	20.69000053
1999	10	13.55000019	9.684999466	18.55999947
1999	11	0	5.039999962	12.96000004
1999	12	11.47999954	-2.590000153	4.25
2000	1	16.04999924	-0.909999847	5.550000191
2000	2	22.21999931	1.029999971	7.710000038
2000	3	109.0299988	2.175000191	8.930000305
2000	4	12.72000027	7.420000076	15.60000038
2000	5	8.729999542	13.35999966	22.30999947
2000	6	23.84000015	17.13999939	25.84000015
2000	7	52.34000015	18.72999954	27.19000053
2000	8	50.25999832	18.16500092	26.42000008
2000	9	12.46000004	15.40500069	23.77000046
2000	10	132.9100037	7.68500042	13.77000046
2000	11	47.09999847	-2.284999847	3.789999962
2000	12	7.699999809	-1.230000019	5.239999771
2001	1	67.22000122	-3.4599998	3.230000019
2001	2	46.18000031	-0.370000124	6.519999981
2001	3	61.41999817	2.015000105	9
2001	4	30.04000092	6.825000286	14.52000046
2001	5	30.70000076	12.57999992	20.87000084
2001	6	12.31999969	16.93000031	26.34000015
2001	7	71.45999908	18.73500061	26.87000084
2001	8	78.48999786	16.67499924	24.22999954
2001	9	7.75	15.14000034	23.61000061
2001	10	5.150000095	10.01000023	18.14999962
2001	11	15.10000038	2.924999714	8.859999657
2001	12	16.21999931	-2.954999924	3.210000038
2002	1	13.48999977	-2.275000095	3.880000114
2002	2	5.630000114	-1.680000067	5.309999943
2002	3	4	1.250000238	8.850000381
2002	4	10.42000008	8.75	16.72999954
2002	5	0	11.82999992	20.45999908
2002	6	18.22999954	18.23999977	27.75
2002	7	51.97000122	18.32500076	25.87999916
2002	8	50.81000137	18.10499954	26.62000084
2002	9	62.16999817	13.45999908	20.87999916
2002	10	50.77000046	7.25	14.22999954
2002	11	43.70000076	1.424999952	7.559999943
2002	12	40.79000092	-2.585000038	3.24000001
2003	1	0	1.845000267	8.390000343
2003	2	69.94999695	-0.890000105	5.369999886
2003	3	42.79000092	1.919999838	9.199999809
2003	4	16.20999908	5.875	13.31999969
2003	5	25.89999962	11.28000069	19.27000046
2003	6	18.21999931	15.30999947	24.13999939
2003	7	23.85000038	20.84000015	29.48999977
2003	8	68	17.80500031	25.10000038
2003	9	48.68000031	14	22.29000092
2003	10	34.43999863	10.51500034	17.79000092
2003	11	20.61000061	1.184999943	7.829999924
2003	12	17.30999947	-1.265000105	5.599999905
2004	1	23.53000069	-2.070000172	4.5
2004	2	68.37000275	-3.4150002	2.730000019
2004	3	30	5.049999714	12.18999958
2004	4	92.62000275	5.255000114	11.82999992
2004	5	1.200000048	11.68999958	19.46999931
2004	6	23.97999954	15.93499947	24.54999924
2004	7	53.65999985	17.55500031	25.52000046
2004	8	36.47000122	16.5	24.05999947
2004	9	46.5	12.86999989	20.67000008
2004	10	56.36999893	6.875	13.14999962
2004	11	29.52000046	1.175000191	6.590000153
2004	12	35.70999908	-1.875	4.460000038
2005	1	75.44999695	0.200000048	5.650000095
2005	2	86.19000244	-0.50999999	4.800000191
2005	3	63.77000046	0.934999943	7.179999828
2005	4	41.04999924	5.15500021	12.51000023
2005	5	21.75	11.24500084	18.87000084
2005	6	11.23999977	15.93499947	24.14999962
2005	7	16.98999977	19.50500107	27.78000069
2005	8	76.83000183	16.45999908	23.34000015
2005	9	67.5	14.76499939	21.63999939
2005	10	27.90999985	7.944999695	14.31999969
2005	11	3.180000067	3.635000229	10.01000023
2005	12	8.979999542	-1.005000114	5.21999979
2006	1	9.659999847	-0.524999857	5.920000076
2006	2	3.180000067	0.189999819	7.199999809
2006	3	27.70999908	2.224999905	8.170000076
2006	4	14.35999966	7.590000153	15.05000019
2006	5	2.809999943	12.92000008	21.02000046
2006	6	33.77000046	17.28499985	25.95000076
2006	7	89.62000275	18.27000046	25.38999939
2006	8	163.3000031	16.07999992	21.85000038
2006	9	35.09000015	11.07000065	17.61000061
2006	10	52.66999817	7.835000038	14.14999962
2006	11	8.909999847	3.65500021	10.22000027
2006	12	86.19999695	-1.75999999	4.110000134
2007	1	35.43000031	-2.995000124	3.599999905
2007	2	52.08000183	-0.579999924	5.550000191
2007	3	37.50999832	3.859999657	10.93999958
2007	4	37.45999908	5.674999714	12.48999977
2007	5	55.50999832	10.28000069	16.79000092
2007	6	25.60000038	15.65999985	23.65999985
2007	7	67.25	18.18499947	25.23999977
2007	8	108.8600006	18.34499931	25.40999985
2007	9	62.84999847	14.19999981	20.97999954
2007	10	10.80000019	8.914999962	16.53000069
2007	11	9.880000114	4.545000076	11.84000015
2007	12	132.0500031	-2.90500021	2.789999962
2008	1	45.25	-4.980000019	1.360000014
2008	2	62.90999985	-0.734999895	5.28000021
2008	3	6.989999771	2.449999809	9.529999733
2008	4	6.039999962	5.545000076	12.64999962
2008	5	41.75999832	9.745000839	17.20000076
2008	6	16.62000084	16.30999947	24.85000038
2008	7	80.06999969	17.23500061	24.42000008
2008	8	65.33999634	17.48999977	24.94000053
2008	9	40.50999832	13.5	20.89999962
2008	10	53.06000137	8.545000076	15.60000038
2008	11	22.07999992	3.34499979	10.02999973
2008	12	80.56999969	-1.344999909	3.950000048
2009	1	15.48999977	0.24000001	6.659999847
2009	2	9.390000343	1.019999981	7.920000076
2009	3	21.62000084	3.160000324	9.770000458
2009	4	56.09000015	4.909999847	12.31999969
2009	5	29.31999969	12.59000015	19.90999985
2009	6	47.93999863	14.2149992	21.45999908
2009	7	84.97000122	18.75	26.40999985
2009	8	40.15000153	17.44000053	25.37000084
2009	9	77.58000183	12.73999977	20
2009	10	31.63999939	6.880000114	13.34000015
2009	11	11.06000042	4.160000324	11.18000031
2009	12	53.75999832	-3.860000134	2.339999914
2010	1	57.65999985	-1.899999857	4.559999943
2010	2	43.58000183	-2.240000248	4.159999847
2010	3	50.31999969	1.360000134	8.710000038
2010	4	36.02999878	6.190000057	13.34000015
2010	5	17.42000008	9.854999542	17.72999954
2010	6	6.78000021	17.48500061	26.11000061
2010	7	74.09999847	18.20499992	24.72999954
2010	8	96.87999725	17.14500046	23.87999916
2010	9	39.68000031	15.875	23.80999947
2010	10	51.91999817	9.375	16.14999962
2010	11	2.299999952	1.679999828	8.149999619
2010	12	69.97000122	1.514999866	6.929999828
2011	1	3.599999905	-2.554999828	4.5
2011	2	14.40999985	-2.095000267	4.869999886
2011	3	8.619999886	4.56000042	11.64000034
2011	4	30.5	6.614999771	13.94999981
2011	5	14.97000027	8.975000381	16.51000023
2011	6	1.840000033	17.77000046	26.51000023
2011	7	42.84000015	19.75500107	27.40999985
2011	8	95.40000153	19.01499939	26.28000069
2011	9	67.83999634	14.01499939	21.04999924
2011	10	57.20999908	8.305000305	14.52000046
2011	11	31.98999977	2.014999866	7.929999828
2011	12	61.95000076	-2.4599998	4.03000021
2012	1	17.02000046	0.190000057	6.710000038
2012	2	31.54000092	-1.03000021	5.489999771
2012	3	36.18999863	3.810000181	11.43000031
2012	4	27.27000046	8.284999847	15.81000042
2012	5	15.98999977	12.44499969	20.39999962
2012	6	1.700000048	18.87999916	27.71999931
2012	7	110.3000031	18.61499977	25.80999947
2012	8	65.51999664	18.44000053	25.81999969
2012	9	31.5	15.11499977	22.75
2012	10	13.26000023	9.845000267	17.28000069
2012	11	6.929999828	5.119999886	12.21000004
2012	12	36.79000092	-1.595000267	4.909999847
2013	1	27.71999931	-3.199999809	3.799999952
2013	2	24.20999908	-1.775000095	5.039999962
2013	3	4.130000114	3.680000305	10.72000027
2013	4	22.87999916	6.28000021	13.43000031
2013	5	4.070000172	11.06999969	18.84000015
2013	6	8.979999542	18.76000023	27.42000008
2013	7	123.0999985	17.76000023	24.67000008
2013	8	55.41999817	17.36000061	24.35000038
2013	9	154.1699982	14.23499966	20.73999977
2013	10	28.43000031	6.840000153	13.76000023
2013	11	50.79999924	1.910000086	7.550000191
2013	12	10.36999989	-1.465000153	4.449999809
2014	1	0	-0.255000114	6.269999981
2014	2	11.17000008	1.529999971	7.130000114
2014	3	27.92000008	2.895000219	9.520000458
2014	4	20.71999931	5.949999809	13.17000008
2014	5	23.5	9.965000153	17.35000038
2014	6	6.25	17.26499939	25.64999962
2014	7	148.7299957	18.52999878	25.73999977
2014	8	57.56000137	16.29500008	22.72999954
2014	9	12.23999977	15.46000099	22.54000092
2014	10	28.96999931	10.36999989	16.93000031
2014	11	23.54999924	2.715000153	8.960000038
2014	12	49.49000168	-0.715000153	4.639999866
