Inference for Bugs model at "growth-increment.jags", fit using jags,
 5 chains, each with 2000 iterations (first 1000 discarded)
 n.sims = 5000 iterations saved
               mu.vect sd.vect     2.5%      25%      50%      75%    97.5%  Rhat n.eff
beta.0          -0.100   0.045   -0.188   -0.131   -0.100   -0.069   -0.013 1.011   290
beta.ppt[1]      0.387   0.332   -0.270    0.164    0.382    0.604    1.039 1.001  4000
beta.ppt[2]      0.444   0.391   -0.330    0.178    0.447    0.705    1.202 1.001  5000
beta.ppt[3]     -0.028   0.610   -1.201   -0.446   -0.030    0.382    1.165 1.002  2600
beta.ppt[4]      0.277   0.376   -0.457    0.025    0.278    0.537    1.003 1.001  5000
beta.ppt[5]      0.247   0.461   -0.653   -0.066    0.246    0.562    1.157 1.001  5000
beta.ppt[6]      0.289   0.375   -0.434    0.040    0.284    0.546    1.040 1.001  5000
beta.ppt[7]      0.273   0.427   -0.577   -0.005    0.271    0.555    1.120 1.001  3200
beta.ppt[8]     -0.083   0.489   -1.036   -0.414   -0.074    0.244    0.883 1.001  4000
beta.ppt[9]      0.320   0.344   -0.356    0.091    0.321    0.551    0.983 1.001  5000
beta.ppt[10]    -0.043   0.603   -1.235   -0.449   -0.039    0.367    1.134 1.001  5000
beta.ppt[11]     0.335   0.564   -0.769   -0.056    0.339    0.716    1.430 1.002  3000
beta.ppt[12]    -0.272   0.356   -0.956   -0.514   -0.266   -0.034    0.431 1.001  3500
beta.ppt[13]    -0.264   0.347   -0.938   -0.500   -0.272   -0.029    0.410 1.001  3800
beta.ppt[14]     0.222   0.435   -0.626   -0.072    0.219    0.513    1.074 1.001  5000
beta.ppt[15]     0.098   0.573   -1.022   -0.287    0.102    0.483    1.223 1.002  2200
beta.ppt[16]     0.060   0.444   -0.819   -0.239    0.065    0.361    0.916 1.001  5000
beta.ppt[17]     0.353   0.473   -0.591    0.025    0.355    0.676    1.258 1.001  5000
beta.ppt[18]     0.073   0.408   -0.717   -0.199    0.072    0.349    0.877 1.001  5000
beta.ppt[19]     0.204   0.408   -0.593   -0.060    0.202    0.476    1.005 1.001  5000
beta.ppt[20]    -0.292   0.515   -1.293   -0.643   -0.294    0.058    0.744 1.001  5000
beta.tmn[1]      0.265   0.454   -0.618   -0.042    0.261    0.572    1.168 1.001  5000
beta.tmn[2]      0.234   0.607   -0.962   -0.182    0.228    0.646    1.394 1.001  3400
beta.tmn[3]     -0.328   0.591   -1.479   -0.727   -0.332    0.073    0.832 1.001  3300
beta.tmn[4]     -0.125   0.396   -0.917   -0.397   -0.126    0.144    0.660 1.001  5000
beta.tmn[5]     -0.050   0.554   -1.128   -0.421   -0.056    0.325    1.022 1.001  5000
beta.tmn[6]     -0.132   0.469   -1.049   -0.456   -0.136    0.187    0.810 1.001  5000
beta.tmn[7]      0.169   0.441   -0.697   -0.135    0.172    0.472    1.028 1.002  2400
beta.tmn[8]      0.051   0.400   -0.728   -0.224    0.045    0.325    0.845 1.001  5000
beta.tmn[9]     -0.182   0.460   -1.084   -0.487   -0.177    0.118    0.732 1.002  2800
beta.tmn[10]    -0.287   0.486   -1.244   -0.618   -0.285    0.035    0.680 1.001  5000
beta.tmn[11]     0.434   0.556   -0.639    0.050    0.436    0.812    1.514 1.001  5000
beta.tmn[12]    -0.234   0.425   -1.058   -0.523   -0.235    0.051    0.612 1.001  3700
beta.tmn[13]     0.053   0.474   -0.858   -0.263    0.057    0.376    0.976 1.001  3000
beta.tmn[14]     0.755   0.510   -0.239    0.411    0.757    1.098    1.755 1.002  2500
beta.tmn[15]    -0.165   0.617   -1.352   -0.580   -0.168    0.251    1.061 1.001  5000
beta.tmn[16]    -0.010   0.432   -0.842   -0.302   -0.015    0.289    0.822 1.002  2300
beta.tmn[17]    -0.068   0.577   -1.174   -0.458   -0.086    0.317    1.083 1.001  5000
beta.tmn[18]     0.201   0.532   -0.844   -0.150    0.196    0.557    1.235 1.001  5000
beta.tmn[19]     0.273   0.497   -0.707   -0.071    0.278    0.615    1.239 1.001  5000
beta.tmn[20]    -0.274   0.330   -0.915   -0.497   -0.277   -0.052    0.386 1.001  5000
mu.indiv[1]      0.010   0.094   -0.179   -0.053    0.012    0.072    0.194 1.002  1700
mu.indiv[2]      0.013   0.098   -0.178   -0.051    0.013    0.077    0.211 1.002  2800
mu.indiv[3]      0.073   0.099   -0.120    0.006    0.072    0.139    0.268 1.005   730
mu.indiv[4]     -0.032   0.098   -0.217   -0.098   -0.033    0.034    0.165 1.002  1800
mu.indiv[5]     -0.069   0.097   -0.260   -0.132   -0.068   -0.003    0.123 1.002  1600
mu.indiv[6]     -0.006   0.095   -0.191   -0.070   -0.004    0.059    0.180 1.001  4000
mu.indiv[7]      0.048   0.097   -0.143   -0.015    0.049    0.112    0.238 1.003  1200
mu.indiv[8]      0.008   0.098   -0.183   -0.057    0.009    0.073    0.197 1.002  1600
mu.indiv[9]      0.109   0.100   -0.085    0.041    0.108    0.178    0.302 1.001  4600
mu.indiv[10]    -0.046   0.093   -0.232   -0.110   -0.045    0.016    0.136 1.001  4400
mu.indiv[11]     0.006   0.096   -0.181   -0.059    0.005    0.067    0.192 1.004   990
mu.indiv[12]     0.034   0.096   -0.153   -0.030    0.032    0.099    0.227 1.002  1900
mu.indiv[13]    -0.013   0.099   -0.206   -0.079   -0.013    0.054    0.181 1.002  2400
mu.indiv[14]    -0.059   0.105   -0.265   -0.128   -0.058    0.013    0.146 1.001  4900
mu.indiv[15]    -0.066   0.105   -0.271   -0.137   -0.067    0.004    0.138 1.004   790
mu.indiv[16]    -0.003   0.102   -0.202   -0.071   -0.003    0.068    0.199 1.001  5000
mu.indiv[17]    -0.021   0.105   -0.222   -0.093   -0.021    0.049    0.187 1.001  3500
mu.indiv[18]     0.008   0.104   -0.196   -0.063    0.008    0.079    0.212 1.002  2000
mu.indiv[19]    -0.019   0.100   -0.219   -0.086   -0.019    0.050    0.178 1.003  1200
mu.indiv[20]     0.035   0.105   -0.167   -0.036    0.035    0.105    0.242 1.004   960
mu.indiv[21]    -0.026   0.102   -0.223   -0.095   -0.027    0.041    0.174 1.003  1000
mu.indiv[22]     0.104   0.107   -0.109    0.032    0.104    0.175    0.310 1.004   970
mu.indiv[23]     0.001   0.103   -0.197   -0.068    0.001    0.069    0.204 1.004   880
mu.indiv[24]     0.005   0.102   -0.193   -0.064    0.003    0.074    0.210 1.002  2300
mu.indiv[25]    -0.021   0.101   -0.218   -0.089   -0.020    0.043    0.178 1.003  1300
mu.indiv[26]    -0.004   0.115   -0.228   -0.078   -0.005    0.071    0.222 1.001  4800
mu.indiv[27]     0.018   0.105   -0.184   -0.051    0.016    0.090    0.222 1.002  1700
mu.indiv[28]    -0.051   0.101   -0.249   -0.119   -0.051    0.017    0.151 1.006   510
mu.indiv[29]    -0.033   0.100   -0.229   -0.099   -0.034    0.032    0.166 1.002  1900
mu.indiv[30]    -0.071   0.101   -0.271   -0.139   -0.068   -0.003    0.124 1.003  1400
mu.indiv[31]    -0.007   0.103   -0.207   -0.076   -0.009    0.061    0.199 1.004   820
mu.indiv[32]    -0.010   0.103   -0.211   -0.079   -0.010    0.059    0.191 1.004   920
mu.indiv[33]    -0.066   0.102   -0.260   -0.136   -0.066    0.001    0.137 1.002  2700
mu.indiv[34]    -0.018   0.100   -0.216   -0.084   -0.017    0.051    0.177 1.005   690
mu.indiv[35]     0.031   0.105   -0.175   -0.040    0.031    0.102    0.237 1.005   650
mu.indiv[36]     0.093   0.108   -0.114    0.019    0.094    0.167    0.306 1.004   990
mu.indiv[37]     0.031   0.104   -0.173   -0.041    0.032    0.102    0.237 1.004   770
mu.indiv[38]     0.034   0.103   -0.167   -0.035    0.035    0.105    0.231 1.003  1400
mu.indiv[39]     0.056   0.103   -0.144   -0.013    0.057    0.126    0.254 1.003  1300
mu.indiv[40]     0.120   0.107   -0.087    0.048    0.118    0.192    0.329 1.001  4400
mu.indiv[41]     0.198   0.109   -0.011    0.125    0.197    0.271    0.419 1.002  1900
mu.indiv[42]     0.023   0.102   -0.174   -0.047    0.021    0.092    0.225 1.002  2100
mu.indiv[43]     0.197   0.108   -0.014    0.124    0.197    0.271    0.407 1.005   740
mu.indiv[44]     0.030   0.102   -0.169   -0.039    0.032    0.100    0.229 1.004   960
mu.indiv[45]     0.059   0.104   -0.146   -0.010    0.060    0.131    0.259 1.003  1100
mu.indiv[46]     0.122   0.107   -0.087    0.050    0.124    0.193    0.335 1.003  1100
mu.indiv[47]    -0.025   0.103   -0.224   -0.095   -0.026    0.045    0.180 1.003  1200
mu.indiv[48]    -0.015   0.103   -0.217   -0.085   -0.014    0.053    0.193 1.002  2000
mu.indiv[49]    -0.047   0.102   -0.250   -0.117   -0.047    0.020    0.153 1.005   730
mu.indiv[50]     0.180   0.108   -0.028    0.105    0.179    0.253    0.393 1.003  1400
mu.indiv[51]    -0.050   0.104   -0.249   -0.118   -0.051    0.020    0.160 1.003  1300
mu.indiv[52]    -0.059   0.110   -0.275   -0.131   -0.058    0.015    0.156 1.003  1300
mu.indiv[53]     0.042   0.104   -0.161   -0.028    0.041    0.113    0.244 1.006   570
mu.indiv[54]    -0.064   0.101   -0.263   -0.131   -0.064    0.004    0.133 1.003  1300
mu.indiv[55]    -0.045   0.103   -0.249   -0.113   -0.042    0.024    0.152 1.003  1300
mu.indiv[56]    -0.065   0.099   -0.262   -0.132   -0.064    0.004    0.130 1.005   660
mu.indiv[57]     0.036   0.104   -0.167   -0.033    0.037    0.108    0.235 1.004   860
mu.indiv[58]    -0.056   0.102   -0.253   -0.126   -0.055    0.014    0.147 1.004   780
mu.indiv[59]     0.006   0.103   -0.199   -0.063    0.006    0.076    0.207 1.003  1100
mu.indiv[60]    -0.003   0.102   -0.201   -0.072   -0.001    0.067    0.195 1.004   900
mu.indiv[61]    -0.085   0.100   -0.278   -0.151   -0.086   -0.016    0.115 1.003  1100
mu.indiv[62]    -0.012   0.102   -0.210   -0.083   -0.012    0.057    0.186 1.004   810
mu.indiv[63]     0.048   0.104   -0.153   -0.021    0.047    0.116    0.252 1.003  1200
mu.indiv[64]    -0.056   0.100   -0.255   -0.124   -0.056    0.012    0.141 1.001  5000
mu.indiv[65]    -0.022   0.100   -0.217   -0.090   -0.023    0.046    0.179 1.002  1900
mu.indiv[66]    -0.058   0.101   -0.255   -0.125   -0.057    0.009    0.135 1.003  1100
mu.indiv[67]     0.049   0.102   -0.149   -0.021    0.049    0.118    0.252 1.002  1900
mu.indiv[68]     0.002   0.102   -0.198   -0.068    0.002    0.070    0.199 1.002  1500
mu.indiv[69]     0.009   0.102   -0.192   -0.060    0.007    0.080    0.211 1.002  2700
mu.indiv[70]    -0.022   0.102   -0.223   -0.090   -0.021    0.044    0.182 1.003  1200
mu.indiv[71]     0.072   0.104   -0.125    0.000    0.070    0.143    0.278 1.001  5000
mu.indiv[72]    -0.021   0.100   -0.214   -0.088   -0.021    0.048    0.176 1.004   970
mu.indiv[73]     0.003   0.100   -0.192   -0.063    0.002    0.071    0.204 1.003  1200
mu.indiv[74]    -0.005   0.101   -0.202   -0.073   -0.005    0.064    0.196 1.002  1800
mu.indiv[75]     0.030   0.101   -0.170   -0.037    0.030    0.098    0.232 1.002  2100
mu.indiv[76]     0.020   0.102   -0.177   -0.049    0.019    0.090    0.221 1.002  1500
mu.indiv[77]     0.130   0.107   -0.077    0.058    0.130    0.201    0.337 1.003  1500
mu.indiv[78]     0.117   0.106   -0.095    0.047    0.118    0.187    0.325 1.004   830
mu.indiv[79]    -0.026   0.102   -0.225   -0.093   -0.024    0.040    0.175 1.003  1500
mu.indiv[80]    -0.005   0.103   -0.209   -0.071   -0.003    0.064    0.199 1.003  1400
mu.indiv[81]    -0.006   0.102   -0.204   -0.075   -0.006    0.063    0.193 1.003  1400
mu.indiv[82]    -0.039   0.101   -0.237   -0.107   -0.041    0.030    0.158 1.003  1500
mu.indiv[83]    -0.013   0.100   -0.210   -0.078   -0.011    0.052    0.181 1.004   900
mu.indiv[84]    -0.026   0.102   -0.231   -0.094   -0.026    0.041    0.175 1.003  1100
mu.indiv[85]     0.031   0.102   -0.177   -0.037    0.030    0.099    0.233 1.003  1000
mu.indiv[86]     0.029   0.102   -0.171   -0.039    0.028    0.098    0.226 1.003  1400
mu.indiv[87]     0.035   0.102   -0.168   -0.035    0.035    0.105    0.232 1.003  1300
mu.indiv[88]     0.060   0.104   -0.148   -0.008    0.061    0.128    0.265 1.004   950
mu.indiv[89]     0.072   0.106   -0.137    0.001    0.071    0.141    0.277 1.003  1400
mu.indiv[90]     0.001   0.103   -0.199   -0.069    0.001    0.071    0.204 1.005   720
mu.indiv[91]     0.019   0.103   -0.180   -0.051    0.017    0.086    0.224 1.003  1000
mu.indiv[92]    -0.014   0.104   -0.217   -0.083   -0.014    0.056    0.191 1.004   940
mu.indiv[93]     0.083   0.108   -0.122    0.006    0.083    0.157    0.292 1.003  1400
mu.indiv[94]    -0.004   0.100   -0.201   -0.070   -0.004    0.063    0.196 1.002  1600
mu.indiv[95]     0.044   0.104   -0.159   -0.025    0.043    0.115    0.245 1.004   980
mu.indiv[96]    -0.006   0.104   -0.211   -0.076   -0.006    0.063    0.193 1.002  1600
mu.indiv[97]     0.216   0.104    0.017    0.146    0.217    0.288    0.417 1.003  1500
mu.indiv[98]     0.215   0.107    0.011    0.143    0.214    0.288    0.426 1.004   840
mu.indiv[99]     0.102   0.103   -0.099    0.033    0.101    0.171    0.306 1.003  1300
mu.indiv[100]    0.160   0.102   -0.043    0.089    0.159    0.231    0.363 1.004   810
mu.indiv[101]    0.092   0.103   -0.111    0.023    0.091    0.160    0.292 1.003  1100
mu.indiv[102]    0.081   0.103   -0.124    0.012    0.082    0.151    0.286 1.005   650
mu.indiv[103]    0.013   0.100   -0.187   -0.052    0.014    0.082    0.203 1.002  2600
mu.indiv[104]    0.126   0.103   -0.072    0.057    0.126    0.194    0.330 1.003  1200
mu.indiv[105]    0.035   0.102   -0.168   -0.035    0.036    0.105    0.235 1.003  1200
mu.indiv[106]    0.007   0.095   -0.179   -0.056    0.006    0.070    0.193 1.003  1200
mu.indiv[107]   -0.068   0.101   -0.270   -0.133   -0.070   -0.003    0.131 1.004   890
mu.indiv[108]    0.010   0.102   -0.189   -0.059    0.010    0.079    0.210 1.003  1200
mu.indiv[109]   -0.026   0.100   -0.223   -0.092   -0.025    0.042    0.169 1.004   890
mu.indiv[110]   -0.034   0.102   -0.234   -0.102   -0.035    0.035    0.169 1.004   780
mu.indiv[111]   -0.010   0.100   -0.207   -0.075   -0.009    0.057    0.186 1.006   570
mu.indiv[112]   -0.035   0.100   -0.231   -0.103   -0.034    0.035    0.161 1.006   580
mu.indiv[113]   -0.079   0.095   -0.266   -0.144   -0.080   -0.014    0.106 1.003  1500
mu.indiv[114]   -0.018   0.094   -0.204   -0.080   -0.018    0.045    0.164 1.002  1800
mu.indiv[115]   -0.050   0.101   -0.251   -0.118   -0.051    0.018    0.149 1.002  2700
mu.site[1]       0.000   0.000    0.000    0.000    0.000    0.000    0.000 1.000     1
mu.site[2]       0.000   0.076   -0.147   -0.049   -0.001    0.049    0.150 1.004   790
mu.site[3]      -0.033   0.083   -0.193   -0.089   -0.033    0.022    0.131 1.006   520
mu.site[4]       0.012   0.093   -0.175   -0.049    0.013    0.074    0.195 1.007   450
mu.site[5]       0.077   0.078   -0.072    0.025    0.076    0.132    0.223 1.004   930
mu.site[6]       0.023   0.108   -0.187   -0.049    0.022    0.096    0.233 1.003  1300
mu.site[7]      -0.023   0.069   -0.159   -0.067   -0.024    0.022    0.112 1.009   370
mu.site[8]      -0.004   0.076   -0.150   -0.056   -0.005    0.047    0.146 1.003  1200
mu.site[9]       0.019   0.076   -0.133   -0.032    0.020    0.073    0.165 1.005   690
mu.site[10]      0.037   0.085   -0.126   -0.020    0.037    0.094    0.204 1.006   580
mu.site[11]      0.089   0.073   -0.054    0.039    0.090    0.137    0.230 1.007   470
mu.year[1]      -0.316   0.072   -0.455   -0.364   -0.318   -0.267   -0.170 1.006   580
mu.year[2]       0.205   0.071    0.064    0.156    0.206    0.252    0.345 1.004   790
mu.year[3]      -0.451   0.070   -0.587   -0.498   -0.450   -0.402   -0.317 1.005   690
mu.year[4]       0.067   0.070   -0.067    0.018    0.066    0.115    0.206 1.004   770
mu.year[5]       0.349   0.071    0.213    0.301    0.350    0.397    0.487 1.005   730
mu.year[6]      -0.096   0.070   -0.231   -0.144   -0.096   -0.048    0.040 1.005   720
mu.year[7]       0.447   0.070    0.308    0.399    0.448    0.494    0.580 1.004   980
mu.year[8]      -1.061   0.071   -1.201   -1.108   -1.060   -1.014   -0.921 1.002  1900
mu.year[9]      -0.542   0.070   -0.682   -0.589   -0.543   -0.496   -0.405 1.004   810
mu.year[10]      0.163   0.071    0.027    0.117    0.162    0.210    0.303 1.005   670
mu.year[11]      0.320   0.070    0.178    0.272    0.319    0.368    0.459 1.004   930
mu.year[12]     -0.108   0.071   -0.248   -0.156   -0.108   -0.061    0.027 1.005   660
mu.year[13]     -0.312   0.071   -0.449   -0.360   -0.311   -0.264   -0.174 1.005   720
mu.year[14]      0.876   0.070    0.736    0.828    0.876    0.923    1.010 1.006   500
mu.year[15]     -1.723   0.074   -1.870   -1.771   -1.724   -1.673   -1.577 1.006   530
mu.year[16]      0.725   0.070    0.586    0.678    0.726    0.772    0.861 1.005   620
mu.year[17]     -0.165   0.071   -0.305   -0.212   -0.165   -0.116   -0.027 1.004   840
mu.year[18]      1.102   0.069    0.971    1.055    1.103    1.149    1.234 1.006   590
mu.year[19]     -0.815   0.070   -0.954   -0.862   -0.815   -0.769   -0.681 1.005   690
mu.year[20]      1.226   0.069    1.092    1.179    1.225    1.273    1.361 1.006   570
mu.year[21]     -1.866   0.102   -2.063   -1.935   -1.867   -1.797   -1.662 1.004   820
mu.year[22]     -0.820   0.072   -0.964   -0.867   -0.820   -0.771   -0.681 1.004   770
mu.year[23]      0.676   0.069    0.537    0.632    0.678    0.724    0.808 1.005   630
mu.year[24]      0.619   0.071    0.482    0.570    0.618    0.667    0.757 1.005   630
mu.year[25]     -1.596   0.080   -1.753   -1.651   -1.596   -1.541   -1.440 1.002  1500
mu.year[26]      0.762   0.071    0.623    0.713    0.762    0.811    0.901 1.004   840
mu.year[27]      0.578   0.070    0.441    0.531    0.578    0.626    0.714 1.005   670
mu.year[28]      0.324   0.071    0.189    0.276    0.325    0.373    0.463 1.007   450
mu.year[29]      0.767   0.071    0.628    0.720    0.765    0.815    0.905 1.005   670
mu.year[30]     -1.604   0.077   -1.755   -1.656   -1.603   -1.552   -1.454 1.005   720
mu.year[31]      0.574   0.071    0.434    0.525    0.574    0.621    0.709 1.006   570
mu.year[32]     -1.501   0.075   -1.648   -1.551   -1.502   -1.451   -1.350 1.005   630
var.indiv        0.031   0.005    0.023    0.027    0.030    0.033    0.041 1.001  5000
var.resid        0.343   0.022    0.327    0.337    0.342    0.348    0.359 1.001  5000
var.site         0.206   0.105    0.087    0.140    0.182    0.243    0.462 1.001  5000
deviance      6088.524  49.153 6059.892 6077.000 6086.494 6096.495 6118.108 1.001  5000

For each parameter, n.eff is a crude measure of effective sample size,
and Rhat is the potential scale reduction factor (at convergence, Rhat=1).

DIC info (using the rule, pD = var(deviance)/2)
pD = 1208.8 and DIC = 7297.3
DIC is an estimate of expected predictive error (lower deviance is better).