Inference for Stan model: growth-increment.
4 chains, each with iter=2500; warmup=1250; thin=1; 
post-warmup draws per chain=1250, total post-warmup draws=5000.

                  mean se_mean      sd     2.5%      25%      50%      75%    97.5% n_eff  Rhat
beta_0          -0.001   0.001   0.007   -0.015   -0.006    0.000    0.005    0.014   186 1.039
beta_ppt[1]      0.392   0.012   0.328   -0.268    0.186    0.398    0.612    1.030   724 1.003
beta_ppt[2]      0.423   0.015   0.399   -0.379    0.154    0.431    0.701    1.171   677 1.003
beta_ppt[3]     -0.045   0.022   0.620   -1.251   -0.477   -0.040    0.398    1.116   802 1.002
beta_ppt[4]      0.277   0.015   0.381   -0.474    0.015    0.281    0.544    1.000   626 1.007
beta_ppt[5]      0.265   0.019   0.453   -0.639   -0.037    0.259    0.567    1.178   588 1.008
beta_ppt[6]      0.307   0.016   0.385   -0.451    0.044    0.308    0.567    1.072   617 1.006
beta_ppt[7]      0.268   0.018   0.442   -0.574   -0.036    0.258    0.567    1.122   592 1.004
beta_ppt[8]     -0.091   0.017   0.476   -1.014   -0.421   -0.101    0.228    0.814   828 1.002
beta_ppt[9]      0.309   0.015   0.340   -0.376    0.082    0.316    0.536    0.963   528 1.012
beta_ppt[10]    -0.097   0.020   0.601   -1.275   -0.511   -0.097    0.296    1.146   929 1.003
beta_ppt[11]     0.322   0.019   0.548   -0.761   -0.042    0.326    0.691    1.399   797 1.004
beta_ppt[12]    -0.222   0.015   0.353   -0.927   -0.463   -0.230    0.026    0.455   567 1.009
beta_ppt[13]    -0.231   0.014   0.363   -0.926   -0.479   -0.230    0.014    0.482   678 1.005
beta_ppt[14]     0.202   0.016   0.415   -0.597   -0.088    0.203    0.485    0.991   649 1.006
beta_ppt[15]     0.092   0.022   0.553   -1.009   -0.269    0.094    0.455    1.169   642 1.011
beta_ppt[16]     0.077   0.014   0.425   -0.766   -0.204    0.081    0.367    0.895   971 1.002
beta_ppt[17]     0.337   0.020   0.474   -0.595    0.015    0.340    0.658    1.244   545 1.010
beta_ppt[18]     0.043   0.017   0.422   -0.785   -0.242    0.049    0.335    0.854   590 1.005
beta_ppt[19]     0.142   0.013   0.397   -0.669   -0.108    0.148    0.404    0.918   884 1.004
beta_ppt[20]    -0.249   0.020   0.532   -1.259   -0.625   -0.247    0.134    0.754   696 1.002
beta_tmn[1]      0.190   0.016   0.450   -0.710   -0.101    0.202    0.488    1.046   763 1.007
beta_tmn[2]      0.242   0.022   0.611   -0.933   -0.171    0.232    0.666    1.413   800 1.004
beta_tmn[3]     -0.317   0.022   0.574   -1.409   -0.719   -0.324    0.072    0.808   697 1.008
beta_tmn[4]     -0.066   0.017   0.385   -0.807   -0.332   -0.068    0.198    0.691   522 1.007
beta_tmn[5]     -0.077   0.019   0.528   -1.135   -0.424   -0.087    0.293    0.955   804 1.004
beta_tmn[6]     -0.114   0.015   0.463   -1.017   -0.430   -0.129    0.199    0.811   906 1.004
beta_tmn[7]      0.153   0.018   0.438   -0.681   -0.146    0.140    0.455    1.006   616 1.011
beta_tmn[8]      0.012   0.018   0.387   -0.746   -0.242    0.019    0.270    0.748   478 1.015
beta_tmn[9]     -0.164   0.018   0.472   -1.062   -0.483   -0.179    0.152    0.784   690 1.006
beta_tmn[10]    -0.296   0.015   0.475   -1.212   -0.613   -0.309    0.028    0.649  1000 1.003
beta_tmn[11]     0.435   0.018   0.533   -0.635    0.084    0.445    0.794    1.469   847 1.004
beta_tmn[12]    -0.254   0.016   0.410   -1.059   -0.543   -0.253    0.026    0.538   619 1.008
beta_tmn[13]     0.106   0.020   0.482   -0.873   -0.220    0.112    0.423    1.062   601 1.008
beta_tmn[14]     0.650   0.020   0.504   -0.335    0.314    0.659    0.989    1.612   622 1.003
beta_tmn[15]    -0.158   0.024   0.624   -1.388   -0.578   -0.164    0.261    1.064   653 1.010
beta_tmn[16]    -0.049   0.018   0.429   -0.895   -0.332   -0.036    0.231    0.795   560 1.004
beta_tmn[17]    -0.059   0.022   0.570   -1.182   -0.438   -0.052    0.321    1.059   677 1.003
beta_tmn[18]     0.184   0.019   0.531   -0.871   -0.171    0.182    0.547    1.196   741 1.003
beta_tmn[19]     0.235   0.023   0.500   -0.790   -0.099    0.260    0.571    1.192   488 1.014
beta_tmn[20]    -0.224   0.013   0.323   -0.857   -0.432   -0.232   -0.010    0.425   666 1.003
mu_year[1]      -0.095   0.001   0.043   -0.179   -0.123   -0.094   -0.065   -0.013  4964 1.000
mu_year[2]       0.288   0.001   0.043    0.205    0.260    0.288    0.317    0.372  5000 1.000
mu_year[3]      -0.235   0.001   0.043   -0.318   -0.263   -0.235   -0.207   -0.150  5000 1.000
mu_year[4]       0.182   0.001   0.043    0.096    0.153    0.182    0.210    0.268  5000 1.000
mu_year[5]       0.442   0.001   0.042    0.360    0.414    0.442    0.471    0.528  5000 1.000
mu_year[6]       0.069   0.001   0.042   -0.013    0.041    0.068    0.097    0.153  5000 0.999
mu_year[7]       0.566   0.001   0.042    0.483    0.538    0.566    0.595    0.647  4875 1.000
mu_year[8]      -0.723   0.001   0.042   -0.805   -0.753   -0.724   -0.695   -0.642  5000 1.000
mu_year[9]      -0.376   0.001   0.042   -0.459   -0.404   -0.376   -0.347   -0.294  5000 1.000
mu_year[10]      0.275   0.001   0.042    0.192    0.248    0.275    0.304    0.356  5000 0.999
mu_year[11]      0.419   0.001   0.042    0.339    0.391    0.419    0.448    0.501  5000 1.000
mu_year[12]      0.023   0.001   0.042   -0.057   -0.006    0.023    0.052    0.105  5000 0.999
mu_year[13]     -0.123   0.001   0.042   -0.205   -0.151   -0.123   -0.096   -0.040  5000 1.000
mu_year[14]      0.899   0.001   0.043    0.814    0.871    0.900    0.928    0.983  4827 1.000
mu_year[15]     -1.428   0.001   0.042   -1.508   -1.457   -1.428   -1.399   -1.347  5000 1.000
mu_year[16]      0.707   0.001   0.041    0.627    0.679    0.707    0.735    0.787  5000 1.000
mu_year[17]      0.011   0.001   0.041   -0.071   -0.017    0.011    0.038    0.091  4873 1.000
mu_year[18]      1.089   0.001   0.042    1.008    1.061    1.089    1.116    1.171  5000 1.000
mu_year[19]     -0.526   0.001   0.042   -0.606   -0.554   -0.526   -0.497   -0.443  5000 1.000
mu_year[20]      1.162   0.001   0.042    1.080    1.134    1.162    1.191    1.243  5000 1.000
mu_year[21]     -2.109   0.001   0.042   -2.191   -2.138   -2.109   -2.082   -2.026  5000 1.000
mu_year[22]     -0.691   0.001   0.042   -0.772   -0.719   -0.691   -0.663   -0.611  5000 1.001
mu_year[23]      0.739   0.001   0.041    0.655    0.711    0.740    0.766    0.819  5000 1.001
mu_year[24]      0.639   0.001   0.041    0.557    0.612    0.640    0.667    0.721  4984 1.000
mu_year[25]     -1.538   0.001   0.042   -1.619   -1.566   -1.537   -1.509   -1.456  5000 1.000
mu_year[26]      0.814   0.001   0.042    0.732    0.786    0.814    0.842    0.895  5000 1.000
mu_year[27]      0.645   0.001   0.041    0.563    0.618    0.644    0.673    0.723  4895 1.000
mu_year[28]      0.394   0.001   0.042    0.312    0.366    0.394    0.423    0.477  5000 1.000
mu_year[29]      0.795   0.001   0.041    0.713    0.768    0.795    0.823    0.876  5000 1.000
mu_year[30]     -1.522   0.001   0.042   -1.605   -1.550   -1.522   -1.494   -1.438  4865 1.000
mu_year[31]      0.634   0.001   0.041    0.557    0.606    0.634    0.663    0.717  5000 0.999
mu_year[32]     -1.427   0.001   0.041   -1.508   -1.454   -1.427   -1.399   -1.346  5000 1.000
mu_indiv[1]      0.000   0.001   0.013   -0.024   -0.008    0.000    0.008    0.027   381 1.029
mu_indiv[2]      0.000   0.001   0.013   -0.025   -0.008    0.000    0.008    0.028   136 1.032
mu_indiv[3]      0.000   0.001   0.013   -0.025   -0.008    0.000    0.008    0.027   324 1.031
mu_indiv[4]      0.000   0.001   0.013   -0.027   -0.008    0.000    0.008    0.026   106 1.032
mu_indiv[5]      0.000   0.001   0.013   -0.027   -0.008    0.000    0.008    0.026   337 1.030
mu_indiv[6]      0.000   0.001   0.013   -0.026   -0.008    0.000    0.008    0.025   366 1.033
mu_indiv[7]      0.000   0.001   0.013   -0.025   -0.008    0.000    0.008    0.027   343 1.029
mu_indiv[8]      0.000   0.001   0.013   -0.026   -0.007    0.000    0.008    0.026   321 1.033
mu_indiv[9]      0.000   0.001   0.013   -0.026   -0.008    0.000    0.008    0.027   336 1.029
mu_indiv[10]     0.000   0.001   0.013   -0.026   -0.008    0.000    0.008    0.028   344 1.030
mu_indiv[11]     0.000   0.001   0.013   -0.025   -0.007    0.000    0.008    0.027    79 1.032
mu_indiv[12]     0.000   0.001   0.013   -0.025   -0.008    0.000    0.008    0.028   330 1.030
mu_indiv[13]     0.000   0.001   0.013   -0.025   -0.007    0.000    0.008    0.026   310 1.033
mu_indiv[14]     0.000   0.001   0.013   -0.025   -0.008    0.000    0.008    0.027    77 1.033
mu_indiv[15]     0.001   0.001   0.013   -0.024   -0.008    0.000    0.008    0.029   434 1.012
mu_indiv[16]     0.001   0.001   0.013   -0.025   -0.008    0.000    0.009    0.029   451 1.013
mu_indiv[17]     0.001   0.001   0.013   -0.024   -0.008    0.000    0.009    0.030   436 1.015
mu_indiv[18]     0.001   0.001   0.013   -0.025   -0.008    0.000    0.008    0.029   444 1.015
mu_indiv[19]     0.001   0.001   0.013   -0.024   -0.008    0.000    0.009    0.029   433 1.015
mu_indiv[20]     0.001   0.001   0.013   -0.025   -0.008    0.000    0.009    0.029   444 1.015
mu_indiv[21]     0.001   0.001   0.013   -0.024   -0.008    0.000    0.009    0.028   441 1.013
mu_indiv[22]     0.000   0.001   0.013   -0.025   -0.008    0.000    0.009    0.029   455 1.014
mu_indiv[23]     0.001   0.001   0.013   -0.025   -0.008    0.000    0.009    0.029   434 1.013
mu_indiv[24]     0.001   0.001   0.013   -0.024   -0.008    0.000    0.009    0.029   428 1.016
mu_indiv[25]     0.001   0.001   0.013   -0.024   -0.008    0.000    0.008    0.029   447 1.014
mu_indiv[26]     0.001   0.001   0.013   -0.024   -0.007    0.000    0.009    0.029   421 1.015
mu_indiv[27]    -0.001   0.001   0.013   -0.028   -0.009   -0.001    0.007    0.024   447 1.022
mu_indiv[28]    -0.001   0.001   0.013   -0.028   -0.009   -0.001    0.007    0.024   307 1.022
mu_indiv[29]    -0.001   0.001   0.013   -0.028   -0.009   -0.001    0.007    0.024   429 1.021
mu_indiv[30]    -0.001   0.001   0.013   -0.029   -0.009   -0.001    0.007    0.025   477 1.020
mu_indiv[31]    -0.001   0.001   0.013   -0.027   -0.009   -0.001    0.007    0.024   417 1.021
mu_indiv[32]    -0.001   0.001   0.013   -0.029   -0.009   -0.001    0.007    0.024   288 1.024
mu_indiv[33]     0.000   0.001   0.013   -0.027   -0.009   -0.001    0.008    0.028   346 1.008
mu_indiv[34]     0.000   0.001   0.014   -0.027   -0.009    0.000    0.008    0.028   391 1.008
mu_indiv[35]     0.000   0.001   0.014   -0.027   -0.009   -0.001    0.008    0.028   392 1.008
mu_indiv[36]     0.000   0.001   0.014   -0.027   -0.009    0.000    0.008    0.028   397 1.007
mu_indiv[37]     0.000   0.001   0.014   -0.026   -0.008    0.000    0.008    0.028   392 1.007
mu_indiv[38]     0.000   0.001   0.014   -0.027   -0.008    0.000    0.008    0.027   496 1.008
mu_indiv[39]     0.000   0.001   0.014   -0.027   -0.008    0.000    0.008    0.028   458 1.008
mu_indiv[40]     0.000   0.001   0.013   -0.027   -0.008    0.000    0.008    0.027   503 1.008
mu_indiv[41]     0.000   0.001   0.013   -0.027   -0.008    0.000    0.008    0.027   410 1.009
mu_indiv[42]     0.000   0.001   0.014   -0.028   -0.008    0.000    0.008    0.028   515 1.008
mu_indiv[43]     0.000   0.001   0.014   -0.027   -0.008    0.000    0.007    0.028   514 1.009
mu_indiv[44]     0.000   0.001   0.013   -0.027   -0.008    0.000    0.008    0.028   440 1.008
mu_indiv[45]     0.000   0.001   0.013   -0.027   -0.008    0.000    0.008    0.027   480 1.009
mu_indiv[46]     0.000   0.001   0.013   -0.027   -0.008    0.000    0.008    0.027   450 1.008
mu_indiv[47]    -0.002   0.001   0.014   -0.031   -0.010   -0.002    0.007    0.026   512 1.013
mu_indiv[48]    -0.001   0.001   0.014   -0.030   -0.010   -0.001    0.007    0.027   528 1.013
mu_indiv[49]    -0.002   0.001   0.014   -0.030   -0.010   -0.001    0.007    0.027   538 1.014
mu_indiv[50]    -0.002   0.001   0.014   -0.030   -0.010   -0.001    0.007    0.026   503 1.015
mu_indiv[51]    -0.004   0.001   0.013   -0.032   -0.011   -0.003    0.004    0.020   395 1.004
mu_indiv[52]    -0.004   0.001   0.013   -0.033   -0.012   -0.003    0.004    0.020   367 1.006
mu_indiv[53]    -0.004   0.001   0.013   -0.032   -0.011   -0.003    0.005    0.021   388 1.006
mu_indiv[54]    -0.004   0.001   0.013   -0.032   -0.011   -0.003    0.004    0.020   378 1.006
mu_indiv[55]    -0.004   0.001   0.013   -0.032   -0.011   -0.003    0.004    0.019   368 1.006
mu_indiv[56]    -0.004   0.001   0.013   -0.031   -0.011   -0.003    0.004    0.020   374 1.005
mu_indiv[57]    -0.004   0.001   0.013   -0.032   -0.011   -0.003    0.004    0.020   356 1.007
mu_indiv[58]    -0.004   0.001   0.013   -0.031   -0.011   -0.003    0.004    0.019   353 1.006
mu_indiv[59]    -0.004   0.001   0.013   -0.033   -0.011   -0.003    0.004    0.020   359 1.004
mu_indiv[60]    -0.003   0.001   0.013   -0.032   -0.011   -0.003    0.004    0.021   375 1.005
mu_indiv[61]    -0.004   0.001   0.013   -0.032   -0.011   -0.003    0.004    0.021   371 1.007
mu_indiv[62]    -0.004   0.001   0.013   -0.032   -0.011   -0.003    0.005    0.020   378 1.006
mu_indiv[63]    -0.004   0.001   0.013   -0.033   -0.011   -0.003    0.004    0.020   383 1.005
mu_indiv[64]     0.000   0.001   0.013   -0.026   -0.008    0.000    0.009    0.027   432 1.021
mu_indiv[65]     0.000   0.001   0.013   -0.025   -0.008    0.000    0.009    0.027   432 1.022
mu_indiv[66]     0.001   0.001   0.013   -0.026   -0.008    0.000    0.009    0.028   466 1.019
mu_indiv[67]     0.000   0.001   0.013   -0.025   -0.008    0.000    0.008    0.027   429 1.022
mu_indiv[68]     0.000   0.001   0.013   -0.027   -0.008    0.000    0.008    0.027   425 1.023
mu_indiv[69]     0.000   0.001   0.013   -0.026   -0.008    0.000    0.008    0.027   423 1.022
mu_indiv[70]     0.001   0.001   0.013   -0.025   -0.008    0.001    0.009    0.027   431 1.020
mu_indiv[71]     0.001   0.001   0.013   -0.025   -0.008    0.000    0.009    0.027   446 1.019
mu_indiv[72]     0.001   0.001   0.013   -0.025   -0.007    0.000    0.009    0.027   413 1.022
mu_indiv[73]     0.001   0.001   0.013   -0.025   -0.008    0.000    0.009    0.028   424 1.022
mu_indiv[74]     0.001   0.001   0.013   -0.026   -0.007    0.000    0.009    0.028   433 1.021
mu_indiv[75]    -0.001   0.001   0.014   -0.030   -0.009   -0.001    0.007    0.025   441 1.005
mu_indiv[76]    -0.001   0.001   0.014   -0.031   -0.009   -0.001    0.007    0.026   462 1.004
mu_indiv[77]    -0.002   0.001   0.014   -0.030   -0.009   -0.001    0.007    0.025   458 1.004
mu_indiv[78]    -0.001   0.001   0.014   -0.030   -0.009   -0.001    0.007    0.025   446 1.004
mu_indiv[79]    -0.001   0.001   0.014   -0.031   -0.009   -0.001    0.007    0.025   460 1.003
mu_indiv[80]    -0.002   0.001   0.014   -0.030   -0.009   -0.001    0.007    0.025   465 1.004
mu_indiv[81]    -0.001   0.001   0.014   -0.030   -0.009   -0.001    0.007    0.026   469 1.004
mu_indiv[82]    -0.001   0.001   0.014   -0.030   -0.009   -0.001    0.007    0.025   456 1.004
mu_indiv[83]    -0.001   0.001   0.014   -0.031   -0.009   -0.001    0.007    0.026   448 1.004
mu_indiv[84]     0.000   0.001   0.013   -0.025   -0.008    0.000    0.008    0.028   423 1.022
mu_indiv[85]     0.000   0.001   0.013   -0.026   -0.008    0.000    0.008    0.027   434 1.024
mu_indiv[86]     0.000   0.001   0.013   -0.026   -0.008    0.000    0.008    0.027   421 1.022
mu_indiv[87]     0.000   0.001   0.013   -0.025   -0.008    0.000    0.008    0.027   427 1.021
mu_indiv[88]     0.001   0.001   0.014   -0.026   -0.008    0.000    0.008    0.029   448 1.020
mu_indiv[89]     0.000   0.001   0.013   -0.026   -0.008    0.000    0.008    0.029   448 1.021
mu_indiv[90]     0.001   0.001   0.013   -0.025   -0.008    0.000    0.008    0.028   426 1.022
mu_indiv[91]     0.000   0.001   0.013   -0.025   -0.008    0.000    0.008    0.028   443 1.020
mu_indiv[92]     0.001   0.001   0.013   -0.026   -0.008    0.001    0.008    0.027   425 1.024
mu_indiv[93]     0.000   0.001   0.013   -0.025   -0.008    0.000    0.008    0.027   431 1.024
mu_indiv[94]     0.001   0.001   0.013   -0.025   -0.008    0.000    0.008    0.027   265 1.029
mu_indiv[95]     0.000   0.001   0.013   -0.025   -0.008    0.000    0.008    0.028   345 1.027
mu_indiv[96]     0.000   0.001   0.013   -0.026   -0.009    0.000    0.008    0.028   273 1.026
mu_indiv[97]     0.000   0.001   0.013   -0.026   -0.008    0.000    0.008    0.028   335 1.028
mu_indiv[98]     0.000   0.001   0.013   -0.026   -0.009    0.000    0.007    0.027   342 1.028
mu_indiv[99]     0.000   0.001   0.013   -0.025   -0.008    0.000    0.008    0.029   231 1.028
mu_indiv[100]    0.000   0.001   0.014   -0.025   -0.008    0.000    0.008    0.028   344 1.027
mu_indiv[101]    0.000   0.001   0.013   -0.026   -0.009    0.000    0.008    0.027   340 1.027
mu_indiv[102]    0.000   0.001   0.013   -0.025   -0.008    0.000    0.008    0.027   354 1.027
mu_indiv[103]    0.000   0.001   0.013   -0.026   -0.008    0.000    0.008    0.027   351 1.026
mu_indiv[104]    0.000   0.001   0.013   -0.026   -0.008    0.000    0.008    0.028   334 1.028
mu_indiv[105]   -0.001   0.001   0.013   -0.028   -0.010   -0.001    0.007    0.025   389 1.008
mu_indiv[106]   -0.001   0.001   0.013   -0.028   -0.010   -0.001    0.007    0.026   383 1.007
mu_indiv[107]   -0.001   0.001   0.013   -0.028   -0.009   -0.001    0.007    0.027   404 1.007
mu_indiv[108]   -0.001   0.001   0.014   -0.027   -0.009   -0.001    0.007    0.026   396 1.009
mu_indiv[109]   -0.001   0.001   0.014   -0.028   -0.009   -0.001    0.008    0.026   401 1.007
mu_indiv[110]   -0.001   0.001   0.013   -0.028   -0.009   -0.001    0.007    0.026   401 1.006
mu_indiv[111]   -0.001   0.001   0.013   -0.027   -0.009   -0.001    0.007    0.026   388 1.007
mu_indiv[112]    0.000   0.001   0.013   -0.027   -0.009    0.000    0.007    0.027   393 1.008
mu_indiv[113]   -0.001   0.001   0.013   -0.028   -0.009   -0.001    0.007    0.026   391 1.007
mu_indiv[114]   -0.001   0.001   0.014   -0.028   -0.009   -0.001    0.008    0.027   405 1.007
mu_indiv[115]   -0.001   0.001   0.014   -0.029   -0.010   -0.001    0.007    0.026   389 1.008
mu_indiv[116]   -0.002   0.001   0.014   -0.031   -0.009   -0.001    0.006    0.025   412 1.015
mu_indiv[117]   -0.001   0.001   0.014   -0.030   -0.009   -0.001    0.007    0.027   367 1.016
mu_indiv[118]   -0.001   0.001   0.014   -0.030   -0.009   -0.001    0.007    0.027   388 1.015
mu_indiv[119]   -0.001   0.001   0.014   -0.030   -0.009   -0.001    0.007    0.027   365 1.017
mu_indiv[120]   -0.001   0.001   0.014   -0.031   -0.009   -0.002    0.007    0.027   382 1.016
mu_indiv[121]   -0.001   0.001   0.013   -0.030   -0.009   -0.001    0.007    0.026   365 1.015
mu_indiv[122]   -0.001   0.001   0.013   -0.030   -0.009   -0.001    0.007    0.026   362 1.017
mu_indiv[123]   -0.001   0.001   0.014   -0.030   -0.009   -0.001    0.007    0.026   401 1.015
mu_indiv[124]    0.000   0.001   0.014   -0.026   -0.008    0.000    0.008    0.030   318 1.022
mu_indiv[125]    0.000   0.001   0.014   -0.027   -0.008    0.000    0.008    0.029   320 1.022
mu_indiv[126]    0.000   0.001   0.014   -0.028   -0.008    0.000    0.008    0.029   339 1.019
mu_indiv[127]    0.000   0.001   0.014   -0.028   -0.008   -0.001    0.008    0.029   324 1.023
mu_indiv[128]    0.000   0.001   0.014   -0.028   -0.008    0.000    0.008    0.028   314 1.022
mu_indiv[129]    0.000   0.001   0.014   -0.027   -0.008    0.000    0.008    0.030   370 1.020
mu_indiv[130]    0.000   0.001   0.014   -0.027   -0.008    0.000    0.008    0.029   323 1.022
mu_indiv[131]    0.000   0.001   0.014   -0.027   -0.008    0.000    0.008    0.029   314 1.022
mu_indiv[132]    0.000   0.001   0.014   -0.026   -0.008    0.000    0.008    0.029   385 1.021
mu_indiv[133]    0.000   0.001   0.013   -0.027   -0.008   -0.001    0.007    0.027   355 1.023
mu_indiv[134]    0.000   0.001   0.014   -0.027   -0.008    0.000    0.008    0.028   360 1.022
mu_indiv[135]    0.000   0.001   0.013   -0.026   -0.008    0.000    0.008    0.027   357 1.023
mu_indiv[136]    0.000   0.001   0.013   -0.027   -0.008    0.000    0.008    0.028   364 1.023
mu_indiv[137]    0.000   0.001   0.014   -0.027   -0.008    0.000    0.008    0.028   360 1.020
mu_indiv[138]    0.000   0.001   0.013   -0.027   -0.008   -0.001    0.008    0.027   373 1.020
mu_indiv[139]    0.000   0.001   0.014   -0.027   -0.008    0.000    0.008    0.027   364 1.022
mu_indiv[140]    0.000   0.001   0.014   -0.028   -0.008    0.000    0.008    0.028   375 1.021
mu_indiv[141]   -0.001   0.001   0.014   -0.029   -0.009   -0.001    0.008    0.027   362 1.019
mu_indiv[142]    0.000   0.001   0.013   -0.027   -0.008    0.000    0.008    0.028   362 1.023
mu_indiv[143]    0.000   0.001   0.014   -0.027   -0.008    0.000    0.008    0.028   349 1.020
mu_indiv[144]    0.001   0.001   0.014   -0.025   -0.007    0.001    0.009    0.031   366 1.014
mu_indiv[145]    0.001   0.001   0.014   -0.024   -0.007    0.001    0.009    0.030   349 1.014
mu_indiv[146]    0.001   0.001   0.014   -0.024   -0.007    0.001    0.009    0.031   364 1.014
mu_indiv[147]    0.001   0.001   0.014   -0.026   -0.007    0.001    0.009    0.031   373 1.013
mu_indiv[148]    0.001   0.001   0.014   -0.025   -0.008    0.000    0.009    0.030   393 1.012
mu_indiv[149]    0.001   0.001   0.014   -0.025   -0.007    0.001    0.009    0.031   369 1.014
mu_indiv[150]    0.000   0.001   0.013   -0.025   -0.008    0.000    0.008    0.027   336 1.030
mu_indiv[151]   -0.001   0.001   0.013   -0.029   -0.009   -0.001    0.008    0.026   403 1.023
mu_indiv[152]    0.000   0.001   0.014   -0.028   -0.009   -0.001    0.008    0.027   384 1.010
mu_indiv[153]    0.000   0.001   0.013   -0.025   -0.008    0.000    0.008    0.027   377 1.029
mu_indiv[154]   -0.001   0.001   0.013   -0.029   -0.009   -0.001    0.007    0.024   414 1.025
mu_indiv[155]   -0.003   0.001   0.013   -0.032   -0.011   -0.003    0.005    0.021   390 1.006
mu_indiv[156]    0.001   0.001   0.014   -0.025   -0.007    0.001    0.009    0.030   373 1.014
mu_indiv[157]   -0.003   0.001   0.013   -0.032   -0.011   -0.003    0.005    0.021   390 1.006
mu_indiv[158]    0.000   0.001   0.013   -0.026   -0.008    0.000    0.008    0.027   343 1.029
mu_indiv[159]    0.000   0.001   0.013   -0.025   -0.008    0.000    0.008    0.028   369 1.031
mu_indiv[160]    0.000   0.001   0.013   -0.028   -0.008    0.000    0.007    0.027   460 1.009
mu_site[1]       0.000   0.001   0.010   -0.020   -0.006    0.000    0.007    0.021    52 1.046
mu_site[2]       0.001   0.001   0.011   -0.020   -0.006    0.000    0.007    0.024   317 1.021
mu_site[3]      -0.001   0.001   0.011   -0.024   -0.007   -0.001    0.006    0.020   218 1.034
mu_site[4]       0.000   0.001   0.011   -0.022   -0.007    0.000    0.006    0.024   250 1.012
mu_site[5]       0.000   0.001   0.011   -0.022   -0.007    0.000    0.006    0.024   322 1.012
mu_site[6]      -0.001   0.001   0.012   -0.027   -0.008   -0.001    0.006    0.022   324 1.020
mu_site[7]      -0.004   0.001   0.011   -0.027   -0.010   -0.003    0.003    0.015   256 1.008
mu_site[8]       0.000   0.001   0.011   -0.021   -0.006    0.000    0.007    0.023   306 1.031
mu_site[9]      -0.001   0.001   0.012   -0.027   -0.008   -0.001    0.006    0.021   331 1.006
mu_site[10]      0.000   0.001   0.011   -0.021   -0.006    0.000    0.007    0.023   309 1.032
mu_site[11]      0.000   0.001   0.011   -0.021   -0.007    0.000    0.006    0.023    81 1.040
mu_site[12]     -0.001   0.001   0.011   -0.024   -0.008   -0.001    0.006    0.022   281 1.011
mu_site[13]     -0.001   0.001   0.011   -0.026   -0.007   -0.001    0.006    0.021   273 1.021
mu_site[14]      0.000   0.001   0.012   -0.023   -0.007    0.000    0.006    0.024   233 1.031
mu_site[15]      0.000   0.001   0.011   -0.022   -0.006    0.000    0.006    0.024   260 1.031
mu_site[16]      0.001   0.001   0.012   -0.020   -0.006    0.000    0.007    0.027   271 1.019
sigma_resid      0.537   0.000   0.005    0.527    0.533    0.537    0.540    0.547  1870 1.001
sigma_indiv      0.006   0.001   0.004    0.001    0.003    0.005    0.009    0.017    21 1.289
sigma_site       0.008   0.001   0.007    0.000    0.002    0.006    0.011    0.024    78 1.027
idx_site[1]      0.017   0.001   0.015   -0.013    0.008    0.017    0.027    0.048   538 1.021
idx_site[2]      0.018   0.001   0.015   -0.013    0.008    0.018    0.028    0.049   593 1.010
idx_site[3]      0.016   0.001   0.015   -0.014    0.007    0.017    0.026    0.047   624 1.013
idx_site[4]      0.017   0.001   0.016   -0.014    0.007    0.017    0.027    0.049   481 1.005
idx_site[5]      0.017   0.001   0.015   -0.014    0.008    0.017    0.027    0.047   551 1.006
idx_site[6]      0.016   0.001   0.016   -0.018    0.006    0.016    0.026    0.047   671 1.010
idx_site[7]      0.014   0.001   0.015   -0.017    0.004    0.014    0.024    0.042   491 1.003
idx_site[8]      0.018   0.001   0.015   -0.012    0.008    0.018    0.028    0.048   611 1.013
idx_site[9]      0.016   0.001   0.016   -0.017    0.006    0.016    0.026    0.047   573 1.002
idx_site[10]     0.018   0.001   0.015   -0.012    0.008    0.018    0.027    0.048   609 1.014
idx_site[11]     0.017   0.001   0.015   -0.013    0.007    0.017    0.027    0.048   456 1.018
idx_site[12]     0.016   0.001   0.015   -0.015    0.007    0.016    0.027    0.047   524 1.005
idx_site[13]     0.016   0.001   0.016   -0.016    0.006    0.016    0.026    0.047   515 1.008
idx_site[14]     0.017   0.001   0.016   -0.013    0.007    0.017    0.027    0.048   478 1.014
idx_site[15]     0.017   0.001   0.016   -0.013    0.007    0.017    0.027    0.048   494 1.015
idx_site[16]     0.018   0.001   0.016   -0.012    0.008    0.018    0.028    0.050   504 1.009
lp__          1450.777  26.511 120.695 1250.626 1356.653 1438.939 1533.844 1712.223    21 1.355

Samples were drawn using NUTS(diag_e) at Fri Nov 27 20:34:04 2015.
For each parameter, n_eff is a crude measure of effective sample size,
and Rhat is the potential scale reduction factor on split chains (at 
convergence, Rhat=1).
