Inference for Bugs model at "dbh-measurement-error.jags", fit using jags,
 5 chains, each with 30000 iterations (first 5000 discarded), n.thin = 25
 n.sims = 5000 iterations saved
                   mu.vect sd.vect     2.5%      25%      50%      75%    97.5%  Rhat n.eff
beta.0              -0.941   0.979   -2.809   -1.616   -0.962   -0.297    1.023 1.001  5000
beta.height.ratio   -0.221   0.618   -1.427   -0.622   -0.219    0.175    1.014 1.001  3600
beta.size            0.998   0.548   -0.059    0.626    0.980    1.366    2.125 1.001  5000
eps.plot[1]         -0.169   1.214   -2.748   -0.807   -0.096    0.557    2.032 1.001  5000
eps.plot[2]          0.184   1.338   -2.458   -0.565    0.125    0.916    3.034 1.001  5000
eps.plot[3]         -0.626   0.950   -2.786   -1.070   -0.508   -0.027    0.894 1.001  3100
eps.plot[4]         -0.214   1.248   -2.886   -0.857   -0.167    0.513    2.117 1.002  5000
eps.plot[5]          0.390   0.710   -0.869   -0.063    0.337    0.803    2.000 1.003  1500
eps.plot[6]          0.010   1.289   -2.625   -0.668    0.025    0.704    2.553 1.002  2200
eps.plot[7]         -0.200   1.220   -2.720   -0.851   -0.146    0.520    2.083 1.001  5000
eps.plot[8]         -0.513   1.033   -2.928   -0.991   -0.389    0.141    1.091 1.001  5000
eps.plot[9]          0.026   1.316   -2.591   -0.690    0.014    0.740    2.715 1.003  4700
eps.plot[10]         1.303   1.161   -1.043    0.616    1.356    2.021    3.486 1.001  5000
eps.plot[11]         0.201   0.928   -1.800   -0.273    0.226    0.731    1.956 1.001  5000
eps.plot[12]        -0.352   1.171   -2.990   -0.962   -0.256    0.364    1.791 1.002  2900
eps.plot[13]        -0.259   1.205   -2.887   -0.878   -0.201    0.441    2.032 1.002  2200
eps.plot[14]        -1.197   0.977   -3.506   -1.667   -1.046   -0.563    0.324 1.001  5000
eps.plot[15]        -0.210   1.173   -2.778   -0.833   -0.112    0.523    1.876 1.002  2100
eps.species[1]      -0.972   1.492   -4.221   -1.905   -0.873    0.048    1.755 1.003  1500
eps.species[2]      -4.041   5.343  -16.856   -4.845   -2.844   -1.405    0.493 1.014  1500
eps.species[3]      -6.968   4.915  -19.088   -8.107   -5.741   -4.238   -2.293 1.002  2600
eps.species[4]      -4.226   4.869  -15.927   -5.104   -3.111   -1.746    0.243 1.013  4800
gamma.aspect        -0.985   0.988   -2.907   -1.660   -0.993   -0.334    1.010 1.002  2700
gamma.radiation      0.099   0.997   -1.860   -0.581    0.116    0.769    2.022 1.001  5000
gamma.slope          0.762   0.980   -1.186    0.091    0.773    1.448    2.623 1.002  2600
gamma.twi           -0.458   0.980   -2.454   -1.101   -0.440    0.182    1.482 1.001  5000
var.plot             1.729   2.066    0.290    0.668    1.147    2.031    6.575 1.003  1500
var.resid            0.013   0.001    0.012    0.013    0.013    0.014    0.015 1.001  3200
var.species         39.773 262.233    0.957    3.327    8.006   23.777  225.400 1.002  2200
deviance          -908.044  11.653 -929.308 -916.108 -908.623 -900.617 -883.666 1.001  4700

For each parameter, n.eff is a crude measure of effective sample size,
and Rhat is the potential scale reduction factor (at convergence, Rhat=1).

DIC info (using the rule, pD = var(deviance)/2)
pD = 67.9 and DIC = -840.1
DIC is an estimate of expected predictive error (lower deviance is better).
