gamma(1, 1) priors on precisions
********************************
Inference for Stan model: dbh.
5 chains, each with iter=2000; warmup=1000; thin=1;
post-warmup draws per chain=1000, total post-warmup draws=5000.

                     mean se_mean    sd    2.5%     25%     50%     75%   97.5% n_eff  Rhat
beta_0             -0.974   0.018 0.980  -2.851  -1.647  -0.983  -0.344   1.074  2993 1.002
beta_size           0.994   0.012 0.559  -0.072   0.629   0.968   1.357   2.160  2180 1.003
beta_height_ratio  -0.225   0.015 0.630  -1.465  -0.635  -0.222   0.175   1.041  1887 1.004
gamma_radiation     0.077   0.015 0.997  -1.869  -0.623   0.070   0.762   2.038  4166 1.002
gamma_slope         0.780   0.018 1.011  -1.215   0.101   0.797   1.487   2.691  3168 1.001
gamma_aspect       -1.055   0.023 0.970  -2.879  -1.711  -1.074  -0.410   0.895  1845 1.001
gamma_twi          -0.451   0.017 0.998  -2.414  -1.138  -0.448   0.231   1.527  3546 1.000
sigma_resid         0.115   0.000 0.004   0.108   0.112   0.115   0.117   0.122  5000 1.000
sigma_plot          1.196   0.022 0.517   0.545   0.832   1.075   1.442   2.442   555 1.005
sigma_species       3.875   0.157 3.613   0.981   1.790   2.730   4.660  13.646   532 1.004
eps_plot[1]        -0.162   0.019 1.206  -2.757  -0.833  -0.100   0.583   2.042  3964 1.000
eps_plot[2]         0.192   0.021 1.351  -2.452  -0.562   0.158   0.931   2.918  4294 1.001
eps_plot[3]        -0.602   0.020 0.922  -2.807  -1.053  -0.486  -0.003   0.883  2221 1.001
eps_plot[4]        -0.198   0.017 1.204  -2.800  -0.853  -0.127   0.513   2.002  5000 1.000
eps_plot[5]         0.423   0.020 0.714  -0.793  -0.039   0.362   0.820   1.973  1330 1.003
eps_plot[6]         0.008   0.021 1.295  -2.774  -0.681   0.013   0.733   2.589  3801 1.000
eps_plot[7]        -0.194   0.020 1.242  -2.985  -0.835  -0.146   0.507   2.208  3939 1.000
eps_plot[8]        -0.493   0.018 0.969  -2.732  -0.990  -0.388   0.139   1.129  3017 1.000
eps_plot[9]         0.039   0.020 1.326  -2.733  -0.691   0.031   0.793   2.713  4579 1.000
eps_plot[10]        1.293   0.033 1.163  -1.089   0.611   1.352   2.032   3.430  1259 1.003
eps_plot[11]        0.214   0.017 0.903  -1.643  -0.296   0.232   0.748   1.970  2860 1.001
eps_plot[12]       -0.351   0.021 1.168  -2.882  -0.970  -0.270   0.351   1.815  3006 1.000
eps_plot[13]       -0.249   0.017 1.179  -2.761  -0.910  -0.209   0.457   2.051  5000 1.000
eps_plot[14]       -1.168   0.023 0.948  -3.401  -1.642  -1.037  -0.543   0.319  1757 1.003
eps_plot[15]       -0.223   0.022 1.189  -2.792  -0.844  -0.130   0.493   1.867  2997 1.001
eps_species[1]     -0.919   0.045 1.490  -4.275  -1.798  -0.752   0.070   1.711  1104 1.002
eps_species[2]     -3.831   0.182 4.343 -14.987  -4.867  -2.786  -1.379   0.549   569 1.002
eps_species[3]     -6.646   0.196 4.374 -16.699  -7.810  -5.644  -4.157  -2.195   500 1.003
eps_species[4]     -3.985   0.154 4.057 -14.321  -4.994  -2.973  -1.620   0.249   692 1.003
lp__              825.782   0.354 7.328 810.178 821.210 826.434 831.213 837.765   429 1.003

Samples were drawn using NUTS(diag_e) at Thu Nov 26 16:40:38 2015.
For each parameter, n_eff is a crude measure of effective sample size,
and Rhat is the potential scale reduction factor on split chains (at
convergence, Rhat=1).

normal(0,1) priors on standard deviations
*****************************************
Inference for Stan model: dbh.
5 chains, each with iter=2000; warmup=1000; thin=1;
post-warmup draws per chain=1000, total post-warmup draws=5000.

                     mean se_mean    sd    2.5%     25%     50%     75%   97.5% n_eff  Rhat
beta_0             -1.237   0.016 0.895  -2.985  -1.833  -1.246  -0.639   0.536  3125 1.001
beta_size           1.016   0.011 0.492   0.086   0.679   1.012   1.348   1.976  2033 1.000
beta_height_ratio  -0.301   0.015 0.561  -1.399  -0.681  -0.302   0.093   0.780  1384 1.000
gamma_radiation     0.106   0.014 0.972  -1.794  -0.565   0.115   0.734   1.981  5000 1.000
gamma_slope         0.963   0.015 0.918  -0.827   0.356   0.954   1.577   2.750  3625 1.001
gamma_aspect       -1.305   0.016 0.849  -2.958  -1.882  -1.318  -0.740   0.378  2704 1.000
gamma_twi          -0.551   0.013 0.954  -2.425  -1.198  -0.544   0.112   1.294  5000 1.000
sigma_resid         0.096   0.000 0.003   0.090   0.094   0.096   0.098   0.103  5000 1.000
sigma_plot          1.098   0.021 0.460   0.318   0.771   1.051   1.381   2.124   499 1.003
sigma_species       1.847   0.011 0.559   0.947   1.437   1.789   2.193   3.107  2717 1.003
eps_plot[1]        -0.165   0.015 1.080  -2.546  -0.734  -0.083   0.492   1.787  5000 1.000
eps_plot[2]         0.290   0.022 1.296  -2.157  -0.468   0.178   1.016   3.096  3387 1.000
eps_plot[3]        -0.594   0.020 0.806  -2.472  -1.000  -0.490  -0.069   0.732  1681 1.000
eps_plot[4]        -0.290   0.021 1.110  -2.807  -0.887  -0.193   0.383   1.687  2891 1.001
eps_plot[5]         0.234   0.013 0.587  -0.869  -0.153   0.195   0.598   1.528  2086 1.002
eps_plot[6]         0.025   0.018 1.208  -2.469  -0.623   0.025   0.706   2.478  4523 1.000
eps_plot[7]        -0.266   0.015 1.055  -2.630  -0.846  -0.178   0.375   1.683  5000 1.001
eps_plot[8]        -0.525   0.020 0.871  -2.572  -0.959  -0.400   0.047   0.857  1861 1.000
eps_plot[9]         0.111   0.017 1.203  -2.304  -0.575   0.082   0.793   2.706  5000 1.000
eps_plot[10]        1.516   0.029 0.884  -0.261   0.989   1.553   2.090   3.158   915 1.002
eps_plot[11]        0.253   0.014 0.723  -1.302  -0.144   0.252   0.688   1.657  2822 1.001
eps_plot[12]       -0.457   0.020 1.008  -2.784  -0.991  -0.333   0.189   1.269  2525 1.001
eps_plot[13]       -0.400   0.017 1.071  -2.877  -0.981  -0.305   0.242   1.592  3851 1.002
eps_plot[14]       -1.224   0.023 0.865  -3.248  -1.717  -1.094  -0.608   0.091  1381 1.001
eps_plot[15]       -0.211   0.014 1.010  -2.595  -0.732  -0.111   0.402   1.543  5000 1.000
eps_species[1]     -0.265   0.025 1.111  -2.400  -1.003  -0.247   0.455   1.979  1980 1.002
eps_species[2]     -1.964   0.036 1.628  -5.723  -2.897  -1.802  -0.834   0.801  2010 1.003
eps_species[3]     -4.819   0.038 1.527  -8.121  -5.710  -4.699  -3.759  -2.157  1623 1.003
eps_species[4]     -2.228   0.040 1.599  -5.799  -3.189  -2.084  -1.119   0.543  1591 1.004
lp__              915.034   0.302 6.642 901.880 910.655 915.048 919.286 928.397   485 1.003

Samples were drawn using NUTS(diag_e) at Thu Nov 26 20:05:11 2015.
For each parameter, n_eff is a crude measure of effective sample size,
and Rhat is the potential scale reduction factor on split chains (at
convergence, Rhat=1).

explicit hierarchical model instead of plot-level covariates for
individuals (see note below)
****************************
Inference for Stan model: dbh-alt.
5 chains, each with iter=2000; warmup=1000; thin=1;
post-warmup draws per chain=1000, total post-warmup draws=5000.

                     mean se_mean     sd    2.5%     25%     50%     75%   97.5% n_eff  Rhat
beta_0             -1.937   0.116  0.976  -3.796  -2.637  -1.944  -1.225  -0.199    70 1.071
beta_size           1.038   0.023  0.460   0.160   0.752   0.983   1.337   2.044   387 1.016
beta_height_ratio  -0.272   0.022  0.508  -1.253  -0.590  -0.308   0.069   0.750   556 1.011
gamma_radiation     0.094   0.027  0.754  -1.367  -0.408   0.176   0.553   1.571   766 1.010
gamma_slope        -0.137   0.022  0.677  -1.509  -0.569  -0.106   0.272   1.235   985 1.010
gamma_aspect        0.837   0.034  0.687  -0.578   0.378   0.859   1.367   2.098   414 1.027
gamma_twi          -0.297   0.067  0.752  -1.574  -0.979  -0.310   0.258   1.208   126 1.046
sigma_resid         0.096   0.000  0.003   0.090   0.094   0.096   0.098   0.102  1711 1.002
sigma_plot          0.866   0.070  0.553   0.101   0.422   0.825   1.205   2.099    63 1.086
sigma_species       2.536   0.125  0.722   1.305   2.016   2.461   2.949   4.029    33 1.148
eps_plot[1]        -1.355   0.158  1.545  -4.623  -2.365  -1.306  -0.171   1.159    96 1.056
eps_plot[2]        -2.978   0.057  1.920  -6.540  -4.287  -2.961  -1.951   1.224  1136 1.007
eps_plot[3]        -2.482   0.114  1.226  -4.993  -3.275  -2.429  -1.542  -0.263   116 1.042
eps_plot[4]        -1.913   0.195  2.283  -7.274  -3.236  -1.614  -0.181   1.632   137 1.040
eps_plot[5]        -1.623   0.101  1.076  -3.710  -2.378  -1.602  -0.812   0.411   114 1.044
eps_plot[6]        -2.033   0.057  1.982  -5.932  -3.210  -2.167  -0.734   2.023  1213 1.005
eps_plot[7]        -1.652   0.228  1.819  -5.392  -2.852  -1.640  -0.275   1.176    63 1.083
eps_plot[8]        -2.243   0.177  1.334  -4.950  -3.126  -2.247  -1.321  -0.125    57 1.087
eps_plot[9]        -2.416   0.187  1.965  -6.366  -3.711  -2.362  -0.856   1.177   110 1.045
eps_plot[10]       -0.282   0.073  1.251  -2.841  -1.104  -0.193   0.582   2.117   292 1.023
eps_plot[11]       -1.464   0.119  1.179  -3.810  -2.285  -1.449  -0.538   0.623    98 1.052
eps_plot[12]       -4.147   0.045  1.777  -7.859  -5.234  -3.935  -3.089  -0.726  1560 1.004
eps_plot[13]       -1.458   0.228  1.776  -5.013  -2.654  -1.482  -0.104   1.298    61 1.086
eps_plot[14]       -3.293   0.157  1.319  -5.974  -4.150  -3.281  -2.381  -1.223    70 1.074
eps_plot[15]       -1.829   0.118  1.355  -4.685  -2.702  -1.772  -0.805   0.571   133 1.036
eps_species[1]     -0.863   0.114  1.098  -2.895  -1.737  -0.827  -0.091   1.221    93 1.055
eps_species[2]     -2.862   0.638  2.580 -10.030  -3.531  -2.205  -1.202   0.294    16 1.377
eps_species[3]     -6.040   0.116  1.782  -9.806  -7.137  -5.959  -4.720  -2.979   235 1.024
eps_species[4]     -2.535   0.073  1.565  -6.173  -3.450  -2.434  -1.411   0.064   461 1.015
lp__              918.606   1.999 10.978 900.595 911.105 916.573 924.302 941.228    30 1.183

Samples were drawn using NUTS(diag_e) at Fri Nov 27 07:23:19 2015.
For each parameter, n_eff is a crude measure of effective sample size,
and Rhat is the potential scale reduction factor on split chains (at
convergence, Rhat=1).

Relevant only to Kent's understanding of these models. Not relevant to
interpretation. Direct model is the one we should use. See Gelman and Hill.
Alternate model and "direct" model not equivalent because
* alternate model "estimates" plot effect from log_mu_dbh_inc
  regression on size and height ratio
  * regresses plot effect on radiation, slope, aspect, twi
  * two sources of variation associated with those regression
    coefficients
  * residual around log_mu_dbh_inc regression and
  * residual around plot effect regression
* "direct" model "estimates" plot effect from log_mu_dbh_inc
  regression including radiation, slope, aspect, twi
  * only residual around "complete" regression associated with
    regression coefficients
