vpd
2.32163969186897
3.71281347548929
4.80857522098263
7.55308406427348
10.4946092125959
13.0595337121317
11.9301706685936
11.444966470964
6.34002290668039
6.032461055343
4.74480915305546
3.7359357482442
2.95555755143445
4.38199884061347
3.56464558513194
9.96589421970698
9.98036684098159
17.127244370655
12.4585224183337
9.91646161238599
9.35842581081802
6.48334314221899
3.82645990315162
3.37585442821659
1.7982637302577
2.40909541282809
3.96331831563737
8.33098681156755
11.0844179960905
12.2722728253684
13.7722824360066
9.44338290177185
8.49945690243384
6.96191697985281
4.29798177138566
2.91481342933431
2.87151748791161
4.65041877138493
5.32528769223928
8.19813613878485
11.8948006411708
12.7395662777791
11.8176284491684
11.1073793220857
7.8286090136348
5.2189290677409
5.33519139001324
3.07788477074694
3.07939265973619
3.8483021665974
4.50478641716651
7.45812202603755
11.0786823904092
14.9558773353973
13.3804921908601
12.327244370655
7.04891586965413
6.9579642065641
3.90857050536857
2.75357402250897
2.02168492095443
3.45829667954159
5.16513462127964
7.04019013628091
10.9844179960905
15.772117280693
12.9722824360066
12.075170224795
7.42407610056161
6.37803308113368
4.83405035999274
3.15868879662418
2.86464558513194
4.3670834840575
5.18945474632734
7.90428974661857
8.81648173005178
12.7395662777791
14.2245695464796
9.58013145984611
8.74002290668039
6.232461055343
4.62021023551217
1.97788477074694
2.09656779883204
2.88199884061347
5.16513462127964
8.18569314944808
9.15753730334191
15.2384161410637
12.4231358514792
10.3346447254041
7.38208343122387
5.73000963205678
3.6692250989873
1.30868909711679
3.30936290677439
3.0359357482442
4.75916787413309
6.95308406427348
9.41862060327371
15.1433829017719
14.1858342953157
10.7893568430993
7.63174396535525
7.78334314221899
3.8670834840575
1.94440924998874
2.12121028568521
3.55555755143445
5.25401481999606
7.30428974661857
11.6820834312239
15.416461612386
13.9512903434902
11.3893568430993
8.99695121787605
7.3778137237052
5.02585572974691
3.19950478749343
3.51528698780213
3.4359357482442
4.74842455965113
8.92986866072848
10.8786823904092
13.1163077027213
12.316461612386
11.3801314598461
8.63956627777908
5.47745574199938
3.91281347548929
2.31319949876234
3.4341176122084
3.5483021665974
5.58835290955937
6.62528769223928
10.1041669563902
13.4603573953456
12.8893568430993
10.8433829017719
7.18041922271044
6.7534351526882
4.05868879662418
1.91003743580924
2.2813115498523
3.76330006186511
4.66128869661012
7.8421342074094
10.3786691255607
14.2457597604065
14.0729956017863
10.444966470964
7.99073802387056
6.67745574199938
3.98695171541473
0.749637781268887
2.22163969186897
4.24469033488661
5.4800866298779
7.62684999531401
9.6786823904092
13.5068106341516
11.6345308845649
10.8558773353973
8.67227282536835
5.63858998122289
3.39262636815032
3.22168492095443
1.85357402250897
2.65460854085881
4.26464558513194
7.2534351526882
9.59523389187386
14.9759262911576
13.1804921908601
9.87592629115756
7.74891586965413
7.53858998122289
4.02645990315162
2.36330006186511
2.66567757717725
3.96331831563737
5.27250879207381
7.53098681156755
10.2786823904092
14.7073793220857
14.5301706685936
10.7948815970236
8.80269488984564
8.11648173005178
4.25868879662418
3.42168492095443
2.59416295993866
3.66330006186511
4.09950478749343
7.01896997254369
7.76191697985281
14.7163077027213
14.8858342953157
11.3558773353973
8.17227282536835
8.11648173005178
4.14480915305546
4.15916787413309
1.90909541282809
2.81007293234951
4.32595962973962
7.28489308445132
9.5946092125959
16.1747910458238
14.5301706685936
11.0346447254041
9.19068724090148
5.78600995988047
4.01007293234951
1.98283090595605
1.68691115317756
2.29790638869961
4.28199884061347
8.62684999531401
11.1792296759251
13.8603573953456
12.2729956017863
10.4558773353973
7.3286090136348
6.54019013628091
4.56758370229405
3.54469033488661
2.67788477074694
3.46758370229405
4.80857522098263
6.32585572974691
10.6804192227104
15.1068106341516
14.6842052900144
10.8375933502304
8.51701637857495
5.02684999531401
4.56758370229405
3.0345903812042
1.92121028568521
4.11007293234951
5.01027625237306
7.01896997254369
9.5946092125959
13.7322051630652
13.4747910458238
9.95587733539729
8.92176131857849
8.11862060327371
4.67811193960004
3.41528698780213
2.01302210530391
3.26567757717725
5.06035803193876
6.85308406427348
9.08441799609054
15.016461612386
16.1082165826043
11.6722824360066
7.8286090136348
5.68410724361553
2.65916787413309
3.61281347548929
2.39016678528904
3.97788477074694
4.42196917311347
8.18569314944808
10.6843822681909
15.1375933502304
12.9301706685936
10.072117280693
6.08041922271044
5.87099970735381
2.83405035999274
1.82121028568521
2.14963778126889
3.65916787413309
3.96567757717725
7.34974461126051
11.2786823904092
15.816461612386
14.0729956017863
10.816461612386
8.94002290668038
6.5579642065641
4.68520087306152
2.5425179686871
1.928008045396
2.82196917311347
4.70857050536857
7.00675858240971
12.0793085111956
15.016461612386
13.176959996995
10.972117280693
7.15842581081802
6.9579642065641
3.96128869661012
2.52168492095443
1.40381007943857
2.71281347548929
4.16331831563737
7.51369795055252
9.80976680282869
15.5038041160331
13.0345308845649
11.7948815970236
8.72176131857849
6.37152249186873
4.10898790457149
1.7982637302577
3.25829667954159
4.02138612778806
4.073168371736
6.75221907444729
10.279266681974
14.7068106341516
13.7301706685936
10.3068106341516
6.45842581081802
7.08334314221899
3.54842455965113
2.51808500396687
2.35460854085881
2.96567757717725
4.45041877138492
7.83000963205678
9.29911352929614
15.0068106341516
13.6231358514792
10.3068106341516
9.15842581081802
6.60099720376888
4.073168371736
2.08929931110822
2.8837714089388
3.0837714089388
4.11528698780213
6.69071020778783
10.8906567080424
15.6375933502304
13.076959996995
10.1346447254041
8.14002290668038
5.4579642065641
3.31
1.9483021665974
2.27846473542109
3.63405035999274
4.55916787413309
7.61648173005178
9.50666977233995
14.8433829017719
13.322234461098
10.6346447254041
7.39073802387056
5.69813613878485
3.86464558513194
1.71003743580924
1.61808500396687
2.76128869661012
4.55916787413309
8.05343515268821
10.3097668028287
14.4558773353973
13.7086583223515
11.7948815970236
9.60601566848409
7.07391725266475
3.40833396410081
1.78283090595604
1.15588914589349
3.82645990315162
4.85829667954159
7.45221907444729
9.98441799609054
13.9544138634823
13.1512903434902
11.227244370655
8.72407610056161
7.10675858240971
4.2800866298779
2.5425179686871
1.68283090595605
2.47616487663951
4.46501207367886
6.20478641716651
8.90099720376888
11.5796485097744
11.327244370655
9.40681063415159
9.23854769700801
7.01862060327371
3.85041877138493
2.39016678528904
2.0341176122084
3.78835290955937
5.64842455965113
7.28410724361553
10.8240761005616
11.7298706631802
12.2390676035086
10.8804921908601
7.31701637857495
6.29523389187386
3.10898790457149
2.40566351194055
2.54469033488661
2.29950478749343
4.34299610265269
7.27099970735381
8.31969345137156
13.4544138634823
11.9893568430993
9.5176284491684
7.39480064117079
6.40127703055828
4.32021023551217
1.57433394360821
2.05984855431243
4.02196917311347
4.96501207367886
7.87803308113368
9.4786823904092
13.372117280693
12.1345308845649
10.3585224183337
6.29945690243384
6.14019013628091
4.51528698780213
1.82121028568521
1.90381007943857
2.42121028568521
4.85829667954159
7.07099970735381
9.47926668197403
11.8771580897031
9.95852241833373
10.9345308845649
7.88811769442609
6.132461055343
4.52138612778806
2.55460854085881
1.32168492095443
2.8283576866011
3.89798177138566
7.23000963205678
8.62259504287536
12.0796485097744
11.3433829017719
9.93464472540406
6.84002290668039
6.232461055343
3.49016678528904
2.34469033488661
1.08929931110822
1.99443830724712
4.0800866298779
8.15343515268821
9.67922967592505
12.9163077027213
12.044966470964
11.3801314598461
8.79695121787605
6.96589421970698
3.80898790457149
2.86128869661012
2.46146412862254
2.37788477074694
4.92595962973962
7.75812202603755
10.7820834312239
13.5595337121317
11.1804921908601
10.7038041160331
6.91533447217054
6.80666977233995
3.91281347548929
1.90566351194055
0.882830905956045
2.39950478749343
4.30833396410081
5.36151160720297
9.18213724599421
11.3286090136348
11.5433829017718
10.3038041160331
6.5105618770316
5.53858998122289
3.77811193960004
2.21
2.29416295993866
2.39416295993866
4.66128869661012
6.40428974661857
10.8906567080424
12.8875667913898
13.0345308845649
10.4073793220857
8.95842581081802
6.18334314221899
4.69812444943113
3.31678334922807
2.5483021665974
4.56758370229405
5.39262636815032
8.64405690806425
11.4820834312239
12.9595337121317
13.6231358514792
10.827244370655
8.30269488984564
6.5778137237052
4.83405035999274
1.07846473542109
1.44963778126889
2.60566351194055
4.10857522098263
7.01896997254369
9.9946092125959
12.9298706631802
11.8948815970236
9.95587733539729
8.26855569816986
6.85753730334191
3.173168371736
3.40566351194055
2.67939265973619
4.26035803193876
4.16758370229405
7.15007379548198
12.1907380238706
13.2174133644208
13.1804921908601
11.0804921908601
8.9425215516454
7.30666977233995
5.10478641716651
3.25984855431243
2.22168492095443
3.14469033488661
4.72138612778806
8.81862060327371
10.2298181076261
15.3948815970236
11.3804921908601
9.5176284491684
8.55803082423557
6.39813613878485
3.80833396410081
3.15868879662418
2.72168492095443
4.95829667954159
5.09798177138566
8.0421342074094
10.8948006411708
13.5828456512109
14.6245695464796
9.48013145984611
9.23854769700801
7.2546913298375
3.81678334922807
1.33693187669578
2.5345903812042
2.5982637302577
3.66330006186511
8.06589421970698
11.7872661844985
12.2055778546739
13.0722824360066
11.4585224183337
8.28811769442609
6.73858998122289
3.7692250989873
2.94469033488661
2.47762294429288
3.2148134293343
5.37811193960004
7.60428974661857
9.48041922271044
13.6796485097744
12.744966470964
10.9433829017718
9.39695121787605
6.8189290677409
4.88278286597135
1.84610660365771
2.55555755143445
4.12021023551217
5.42645990315162
8.5189290677409
10.4844179960905
14.0384161410637
11.9176284491684
10.3068106341516
7.71701637857495
8.87866912556072
5.74842455965113
4.21167591725505
3.23784566735025
2.84469033488661
5.72645990315162
7.87099970735381
11.3820834312239
14.2055778546739
14.9082165826043
10.3346447254041
10.6580308242356
6.54405690806425
4.30936290677439
2.29656779883204
2.42163969186897
3.13441124765156
4.28199884061347
7.63098681156755
10.9786691255607
14.2346447254041
12.316461612386
10.3585224183337
8.8425215516454
7.69523389187386
3.58199884061347
1.51808500396687
3.20833396410081
2.76330006186511
4.43519139001324
7.90029224696879
9.41862060327371
14.8346447254041
12.022234461098
10.6176284491684
8.75803082423557
7.28600995988047
4.73519139001324
2.4345903812042
2.31
4.30857050536857
5.173168371736
9.36404165495433
11.904709684897
14.272117280693
13.3086583223515
10.2558773353973
9.60601566848409
7.72259504287536
4.91027625237306
2.37939265973619
2.22168492095443
3.00868909711679
5.34299610265269
6.87099970735381
9.10416695639017
13.8298706631802
11.5585224183337
10.075170224795
9.27715808970308
7.97391725266475
5.22138612778806
3.10857522098263
3.11007293234951
2.67585442821659
6.20857050536857
8.0421342074094
12.0026948898456
15.6804921908601
12.5804921908601
10.072117280693
10.2055778546739
6.81862060327371
3.81678334922807
2.77939265973619
2.6359357482442
4.42595962973962
4.44299610265269
7.18489308445132
9.31862060327371
14.0163077027213
11.4747910458238
9.10737932208572
9.76855569816986
5.4579642065641
3.04469033488661
1.97788477074694
1.9982637302577
3.60936290677439
4.42196917311347
6.48432227206557
10.717016378575
15.275170224795
13.0747910458238
10.5893568430993
7.60269488984565
5.4579642065641
4.57811193960004
4.40833396410081
2.1982637302577
3.01
4.31167591725505
7.82684999531401
9.58041922271044
14.2176284491684
12.4345308845649
9.55587733539729
9.50269488984565
6.8579642065641
4.7800866298779
2.11
2.27846473542109
3.04610660365771
5.60857050536857
7.58410724361553
10.887258728123
13.9375933502304
12.744966470964
11.6013561857957
8.63956627777908
5.89813613878485
4.3670834840575
2.3345903812042
1.96146412862254
2.9359357482442
4.53405035999274
7.5216890558767
11.3803668409816
14.4707461761005
11.7558773353973
9.63759335023044
7.78208343122387
7.1778137237052
3.61678334922807
1.62526222569405
2.84781038533105
3.15868879662418
3.96567757717725
7.8778137237052
9.58725872812298
13.338547697008
10.8433829017719
9.58013145984611
7.49068724090148
5.932461055343
5.03512418585041
2.29950478749343
2.51016095940221
3.24469033488661
3.51167591725505
7.38410724361553
10.8240761005616
12.3055778546739
12.5390676035086
9.24338290177185
9.48284565121092
7.52981810762607
3.96501207367886
3.4544685184303
2.17589591613626
2.51808500396687
4.01
6.81896997254369
9.68036684098159
14.0796485097744
11.5747910458238
10.5558773353973
7.80269488984564
7.53108382998604
3.72021023551217
2.04610660365771
2.09121756356717
2.82121028568521
4.71007293234951
6.85812202603755
8.6546913298375
10.7286090136348
11.1345308845649
10.6038041160331
7.49945690243384
7.95753730334191
4.48945474632734
2.33441124765156
2.60909541282809
2.65357402250897
4.53405035999274
7.65812202603755
11.704709684897
12.3298706631802
12.8390676035086
10.5073793220857
7.59068724090148
7.61969345137156
4.64842455965113
3.05555755143445
3.13693187669578
3.58199884061347
5.75007379548198
7.1189290677409
10.4097668028287
12.3395662777791
12.9722824360066
9.9163077027213
8.57930851119564
8.27152249186873
4.68695171541473
2.39790638869961
2.09416295993866
3.40857522098263
4.75331175593577
7.41711397693255
10.3225950428754
13.9707461761005
11.7558773353973
9.47964850977436
8.83174396535525
8.14405690806425
2.66758370229405
2.89790638869961
2.58199884061347
2.61
4.19016678528904
8.39813613878485
10.3994569024338
13.238547697008
12.6842052900144
12.1245695464796
8.17227282536835
4.77803308113368
3.61528698780213
2.5359357482442
2.43693187669578
3.96758370229405
4.55829667954159
6.88945474632734
10.3820834312239
12.738547697008
13.1729956017863
10.644966470964
8.31701637857495
5.9421342074094
4.87811193960004
2.81
2.5341176122084
3.07788477074694
5.66501207367886
7.19071020778783
9.37391725266475
12.5322051630652
11.7893568430993
9.10681063415159
7.4948006411708
4.9019281219375
4.66501207367886
1.42526222569405
3.29656779883204
4.70833396410081
6.18489308445132
8.00675858240971
9.4946092125959
12.7595337121317
11.5345308845649
8.30681063415159
7.57930851119564
6.30099720376888
2.71
2.3837714089388
0.810160959402213
1.34610660365771
3.96331831563737
6.02585572974691
10.5225950428754
14.1544138634823
12.6585224183337
11.6346447254041
8.0105618770316
6.80127703055828
4.00857050536857
2.57433394360821
1.82526222569405
2.8544685184303
6.04974461126051
6.70428974661857
11.6685556981699
14.616461612386
11.975170224795
9.10601566848409
8.58726618449846
6.55753730334191
3.94299610265269
2.34781038533105
0.910160959402212
3.41481342933431
4.66331831563737
6.44842455965113
9.41862060327371
13.5603573953456
11.3346447254041
9.54338290177185
6.59073802387056
7.70127703055828
4.16331831563737
1.99656779883204
2.48929931110822
3.72021023551217
4.06331831563737
6.38569314944808
10.1097668028287
14.3060156684841
12.075170224795
10.0759262911576
7.53174396535525
6.15812202603755
4.25916787413309
2.89790638869961
2.47762294429288
3.49016678528904
3.76128869661012
7.82986866072848
9.68441799609054
13.7707461761005
13.127244370655
9.90135618579567
8.17227282536835
6.74405690806425
5.38520087306152
3.26128869661012
2.33441124765156
3.64469033488661
5.14842455965113
7.49813613878485
7.59523389187386
13.4707461761005
14.8668690981033
10.4375933502304
7.11533447217054
7.98431552687123
4.10478641716651
2.16146412862254
1.44291819186049
2.33784566735025
4.75331175593577
7.2019281219375
10.4906567080424
14.0796485097744
13.9301706685936
11.4558773353973
10.9174133644208
8.30976680282869
3.6692250989873
3.06567757717725
2.7750139177793
3.61528698780213
4.62645990315162
7.08278286597135
8.86404165495433
14.4346447254041
15.098264641986
11.2013561857957
8.28811769442609
6.92986866072848
4.64299610265269
3.46331831563737
2.54469033488661
3.25829667954159
3.93405035999274
8.432461055343
9.28213724599421
15.416461612386
12.6301706685936
9.90737932208572
8.31533447217054
5.8778137237052
5.07250879207381
3.62196917311347
2.89656779883204
2.72121028568521
3.70898790457149
7.50428974661857
9.62981810762606
14.6796485097744
11.8231358514792
10.644966470964
7.81533447217054
6.5534351526882
3.2800866298779
2.37433394360821
2.69656779883204
3.14469033488661
4.00898790457149
6.22585572974691
9.94586888383973
13.138547697008
13.7301706685936
11.4722824360066
10.3055778546739
6.11648173005178
3.04299610265269
2.21503282611814
1.51016095940221
2.53784566735025
4.42021023551217
7.08278286597135
12.4286090136348
12.1544138634823
13.5722824360066
9.3176284491684
8.70269488984565
4.33000963205678
3.78835290955937
2.06330006186511
2.35984855431243
2.6483021665974
4.43519139001324
7.74019013628091
9.88041922271044
14.9595337121317
12.4013561857957
10.375170224795
6.88438226819089
6.74893270632262
4.17811193960004
3.57788477074694
3.10857522098263
3.21167591725505
5.29812444943113
7.10675858240971
9.39065670804237
11.2298706631802
10.872117280693
9.2176284491684
6.6948006411708
5.47745574199938
3.273168371736
2.13784566735025
1.81808500396687
2.51
4.40833396410081
7.85812202603755
9.61591038823521
13.8796485097744
12.544966470964
9.07074617610054
8.73174396535525
8.34586888383973
4.09798177138566
2.45984855431243
1.6425179686871
3.2283576866011
5.1800866298779
8.20428974661857
10.6906567080424
14.4759262911576
13.0345308845649
9.40737932208572
8.09073802387056
8.24586888383973
4.36501207367886
2.33693187669578
1.93693187669578
3.01
6.11711397693255
9.05753730334191
11.3489158696541
14.5068106341516
11.8722824360066
10.0384161410637
9.7286090136348
6.73858998122289
4.55041877138493
3.17433394360821
1.65984855431243
3.14469033488661
4.62595962973962
7.74019013628091
9.69911352929614
15.1804921908601
11.9346447254041
9.03220516306515
8.43956627777908
8.032461055343
3.62138612778806
2.65357402250897
1.92526222569405
3.21167591725505
4.13405035999274
6.75812202603755
9.57866912556072
12.8796485097744
11.575170224795
10.2073793220857
8.74891586965413
8.03108382998604
3.80833396410081
1.19790638869961
0.449637781268887
2.12163969186897
4.70898790457149
8.632461055343
10.1786823904092
12.7174133644208
11.5558773353973
10.5068106341516
9.4425215516454
8.26404165495433
3.29016678528904
1.27846473542109
2.16330006186511
2.98199884061347
5.03519139001324
8.3019281219375
10.8786691255607
13.8457597604065
12.3729956017863
9.00737932208572
9.05842581081802
6.74019013628091
4.20936290677439
2.30566351194055
2.71
3.18199884061347
5.08695171541473
7.99813613878485
11.104709684897
16.422234461098
12.9842052900144
11.6231358514792
8.80461282678547
5.71969345137156
3.29798177138566
2.86128869661012
2.58199884061347
5.03512418585041
4.71027625237306
6.86014967761118
8.99065670804237
13.8055778546739
13.5231358514792
11.7245695464796
8.15707513528985
8.24405690806425
5.64974461126051
3.00857522098263
3.4359357482442
4.07811193960004
5.40898790457149
8.18410724361553
12.8771580897031
14.1558773353973
12.6245695464796
9.97517022479499
6.8105618770316
5.69813613878485
4.64480915305546
2.58199884061347
1.44610660365771
2.34469033488661
5.19812444943113
6.78432227206557
9.97866912556072
12.5298706631802
11.375170224795
9.8176284491684
9.13854769700801
6.2579642065641
3.62021023551217
1.51003743580924
1.69656779883204
2.15460854085881
4.54299610265269
6.48432227206557
9.87922967592505
11.5322051630652
10.1893568430993
9.63464472540406
10.4163077027213
5.44893270632262
3.98695171541473
2.5283576866011
3.15829667954159
3.573168371736
5.19812444943113
5.85308406427348
8.80416695639017
12.038547697008
11.216461612386
8.83759335023044
7.74002290668039
7.91648173005178
4.88432227206557
2.8483021665974
3.05916787413309
3.85331175593577
4.57811193960004
8.08334314221899
12.1722728253684
14.2375933502304
12.1722824360066
10.8804921908601
9.76035739534556
5.5778137237052
3.5283576866011
3.46567757717725
1.07151748791161
3.01678334922807
4.55041877138493
7.7189290677409
11.258425810818
14.6948815970236
11.8301706685936
10.0176284491684
9.85441386348229
7.74586888383973
4.17250879207381
2.06330006186511
1.93784566735025
3.24469033488661
4.85331175593577
9.08431552687123
11.1105618770316
16.1231358514792
11.9231358514792
9.95852241833373
7.71533447217054
5.79813613878485
3.82138612778806
2.03441124765156
3.61528698780213
2.59016678528904
4.43519139001324
7.70675858240971
10.9240761005616
12.8875667913898
14.9437902520668
11.2747910458238
9.10461282678547
8.28725872812297
3.69262636815032
2.12163969186897
2.17788477074694
2.67939265973619
5.8216890558767
6.5421342074094
11.7685556981699
13.3457597604065
10.8585224183337
8.94575976040648
7.36855569816986
5.71969345137156
3.84299610265269
2.43441124765156
2.7692250989873
3.20833396410081
3.92645990315162
7.77803308113368
10.1843822681909
12.5875667913898
13.3086583223515
10.0176284491684
9.01741336442078
6.20099720376888
4.27250879207381
2.69950478749343
2.6750139177793
3.31007293234951
4.29262636815032
8.47152249186873
12.3722728253684
15.6893568430993
12.3231358514792
7.9163077027213
6.58441799609054
5.39813613878485
4.28695171541473
2.47433394360821
0.910037435809241
3.5692250989873
5.12528769223928
7.33098681156755
8.88213724599421
13.0384161410637
12.1245695464796
12.1301706685936
9.13854769700801
7.08431552687123
4.79812444943113
2.69656779883204
1.57151748791161
2.7750139177793
4.59262636815032
7.20428974661857
9.68441799609054
14.2073793220857
10.6585224183337
10.6346447254041
8.47227282536835
6.55753730334191
4.24842455965113
2.65460854085881
2.7359357482442
3.72645990315162
4.94842455965113
6.70428974661857
11.5793085111956
12.6796485097744
12.9390676035086
10.5013561857957
7.57930851119564
5.60675858240971
3.91027625237306
1.99790638869961
1.7341176122084
2.02121028568521
4.69798177138566
6.67745574199938
9.87926668197403
14.9585224183337
12.0245695464796
10.4013561857957
10.7457597604065
7.3546913298375
4.75331175593577
3.673168371736
2.83784566735025
3.53784566735025
5.74974461126051
7.93858998122289
9.70976680282869
14.516461612386
13.8706987726586
13.425926481075
8.52176131857849
6.57152249186873
4.49262636815032
1.77151748791161
2.92196917311347
2.7692250989873
5.28945474632734
8.83108382998604
11.6685556981699
17.076959996995
12.9301706685936
11.5747910458238
9.63956627777908
7.56404165495433
4.01027625237306
1.77433394360821
1.1425179686871
2.73441124765156
5.21027625237306
7.5534351526882
9.87922967592505
15.827244370655
11.0893568430993
10.3013561857957
8.77715808970308
6.48410724361553
3.65331175593577
1.87151748791161
