1154    1853   169   201   138   212   137    95   116
1154    1860   191   148   232   307   296   222   222   254   275   233
1154    1870   169   159   211   412   212   148   265   466  1275  1360
1154    1880  1557  1631  2234  1545  1850  1313  1339   644  1095  1311
1154    1890   915   915   927   653  1080   799  1036  1392  1435   981
1154    1900   910   861  1250  2051   976  1716  1245  1001  1072   585
1154    1910   881   763  1297  1423  1025  1046  1646  1435  1684  2531
1154    1920  2645  1966  1350  1374  1508  1250  1464  1489  1660  1650
1154    1930  1544  1689  1502  1734  1056  1682  1163  1289  1790  1624
1154    1940  1480  1360  1438  1534  1280  1428  1322  1439   592  1217
1154    1950   815   952   888  1088  1417  1312   920  1310  1109  1164
1154    1960   730  1469   899  1099   761   677   929   907   887   683
1154    1970  1002  1003   782  1152   798   729   801   506   676   591
1154    1980   682   710   555  1181   940  1460  1763  1809  2044  2161
1154    1990  1848  1963  1540  2274  1631  2255   672  1632  1680  1960
1154    2000  1336  1892  1377  1879  1881  2371  1331  1460  1274  1103
1154    2010  1435  1612  1206  1276  1111 -9999
1178    1908   915   829
1178    1910  1031   735   970  1348  1181   944  1323   756   840  1210
1178    1920   875   968   604   511   901   788   832   811   957  1131
1178    1930   835   835   792   686   707  1005   696   795  1110  1428
1178    1940  1344  1279  1661  1887  1336  1969  1924  1712  1184  1439
1178    1950  1248  1227  1576  1922  2288  1926  1292  1572  1396  1430
1178    1960  1225  2134  1226  1431   983   761   931   592   613   730
1178    1970   973   952  1155  1318  1615  1403  1286   725  1238   798
1178    1980  1261  1200   947   955   412   568   618   724   672   546
1178    1990   588   799   505   637   616   858   382  1115   817  1291
1178    2000  2248  1878  1484  1413  1750  1643  1175  1283   871   898
1178    2010  1145  1122   869   931   842 -9999
1135    1859  1036
1135    1860   868  1243  1025   751   875   947  1190  1291  1040   845
1135    1870   336   521   702   605   269   651   806   930  1736  1585
1135    1880  1049   306   702   351   546   521   586   341   668  1121
1135    1890   909  1066   949   857  1017   775   608  1240  1613  1943
1135    1900  1949  1041  1413  1545   689  1453  1107  1208  1300   877
1135    1910  1205   528  1108  1360  1066   908  1247   465   433   778
1135    1920   989   757   431   873  1262   930  1121  1101   994   983
1135    1930   719   804   518   603   423   667   413   349   603   889
1135    1940   857   698   804   910   550   856   793   613   190   465
1135    1950   422   477   720   529   519   603   222   519   310   281
1135    1960   163   589   322   556   280   202   503   370   300   434
1135    1970   885   487   487   921   825   988   829   623  1430   867
1135    1980  1008  1466  1270  1631   615  1309  1165  1229   925   790
1135    1990   769   825   559   951   689  1021   177   570   507   662
1135    2000   558   691   536   658   791   618   402   505   319   300
1135    2010   593   718   781   991   792 -9999
1144    1933  1392   891   881   830   809   731   421
1144    1940   587   661   471   368   564   801   647   159   288   216
1144    1950   126   184   168   205   185   247   358   407   534   200
1144    1960   603   391   527   470   401   233   211   127   137    69
1144    1970   190   159    26   265   201   196   206   767   524   597
1144    1980   363    95   396   754   491   379   609   327   332   233
1144    1990   127   296   479   200   332   216   327   248   190   231
1144    2000   797   870   531   611   287   266   314   225   173    74
1144    2010    53    84   241   205   132 -9999
1137    1886   249   253   211   327
1137    1890   380   570   707   613   612   454   369   222   306   296
1137    1900   549   443   727   716   695   980   865   634   619   607
1137    1910   871   934   798  1025   885   807  1128   622   412   613
1137    1920   745   509   231   664   755   582   518   539   550   844
1137    1930   673   577   535   776   387   614   478   312   510   995
1137    1940   744   618   770   821   562   694   760   832   219   258
1137    1950   323   323   615   531   676   707   592   852   749   752
1137    1960   469   930   669   895   326   378   576   513   648   595
1137    1970   785   669   565   938   865   856   747   359   633   600
1137    1980   670   951   782  1056   582   594   898   921   607   568
1137    1990   582   804   709  1153   931  1127   229   803   857   970
1137    2000   971  1042   745   889  1008   990   604   658   626   499
1137    2010   875   993   769   857   658 -9999
1163    1898  2337  1029
1163    1900   942   864  1350  1420   365   958   374   229   196    92
1163    1910   296   338   625  1030   507   519   774   669   516   936
1163    1920   710   694   750   932  1350   461   669  1042  1147   837
1163    1930   817   764   836   995   507   825  1058   641  1017   845
1163    1940   620   728   832   696   772   934   778   670   167   557
1163    1950   350   486   740   648   812   833   621   723   745   881
1163    1960   418   781   515  1003   796   796   773   943  1207   964
1163    1970   992  1163   725  1272  1402  1454  1566   673   979   326
1163    1980  1271  1356  1077  1999   314   642   600   929   920  1046
1163    1990   677  1048   836  1450  1174  1682   129  1162  1048  1344
1163    2000  1143  1143   933  1044  1119  1001   819   917   399   622
1163    2010  1138  1343  1227   974   540 -9999
1171    1845   229   212   283   141    64
1171    1850   394   147   177   116   246   354   459   312   272   163
1171    1860   160   243   218   258    66   240   269   595   519   380
1171    1870   316   416   150   601   213   243   332   889   499   688
1171    1880   685   587   646   743   391   609   842   644   915   770
1171    1890   533   962   908   809   979   541   542   499   567   633
1171    1900   442   383   513   738   648   383    58   220   308   209
1171    1910   142   333   145   274   255   171   130   443   379   424
1171    1920   254   573   596   329   398   752   275   765   478   510
1171    1930   137   222   112   336   417   390   234   455   315   399
1171    1940   375   331   335   592   765   992   766   675   803  1130
1171    1950   602  1064  1283   585   960  1760  1600  1778  1727  1228
1171    1960  1243  2132  2046  2028  2090  1881  1896  1987  1350  2104
1171    1970  2019  1278  1725  1809  2310  1151    89   298   398   265
1171    1980   541   644   846   753   590   450   294   637   465   335
1171    1990   784   594   595   642   597   700   570   733   931   876
1171    2000   702   489   426   285   548   546   499   273   271   398
1171    2010   259   333   306   416   550 -9999
1168    1867   871   737   833
1168    1870  1185   840   435   280   627   588   786   741   379   254
1168    1880   285   792   296   708   518   370   180   328   402   275
1168    1890   317   370   211   539   581   561  1090  1069   825   825
1168    1900   720   825  1022   306  1045   581   275   317   264   476
1168    1910   381   508   561   561   529   751   444   571   899   793
1168    1920  1089   677   719   984   666   741   762   857  1249   815
1168    1930   973  1111  1460   899  1773  1132   834  1754  2082  1722
1168    1940  1645  1471  1936  1410  1526  1852  1446   666  1385  1227
1168    1950  1513  1373  1728  2293  2104  1406  2145  1809  1580  1420
1168    1960  2313  1891  2728  1512   804  1561  1217  1436  1309  1837
1168    1970  1500  1591  2179  2085  1576  1540   848  1521  1630   801
1168    1980  1239  2282  1524  1710   698  1219  1503  1688  1309  1396
1168    1990  1381  1989  1459  2009  1675  2089   788  1748  1730  2060
1168    2000  2203  1929  1396  1744  1677  1572   971  1119   940  1201
1168    2010  1361  1509  1425  1194   964 -9999
1157    1880   861   587   283   343   739   294   548   254   285    48
1157    1890   157   143    64   104   100    47   106    96    88   166
1157    1900   117   127   125    57    96   209   166   253   109   123
1157    1910    95   285   173   356   413   126   114    85    51    88
1157    1920   154    82    87    56   157   133   158   102   153   166
1157    1930   282   181   116    99   152   115   210   132   121   294
1157    1940   453   428   380   495   545   480   978   755   680   243
1157    1950   410   311   406   428   329   501   641   644   562   782
1157    1960   755   410   629   508   873   663   590   852   989  1304
1157    1970  1061  1116   948   723  1198  1371   907   801   411   374
1157    1980   453   418   289   541   362   301   343   523   533   895
1157    1990   825   966   788  1148   948  1187   392   988  1290   929
1157    2000   878   910  1111   624  1044  1153   769   585   355   347
1157    2010   555   994   889   592   367 -9999
1164    1893   830  1444  1181   801  1816  1475  1138
1164    1900   967   779  1078  1586  1024  1110   585   300   621   369
1164    1910   805   506   900  1066   785   860   857   501   607  1012
1164    1920   391   377   222   343   495   737   556   487   264   414
1164    1930   311   433   425   500   317   439   357   420   542   387
1164    1940   243   202   263   365   296   773   645   772   177   533
1164    1950   292   323   542   763   957   983   757  1050  1025   753
1164    1960   471   754   346   587   493   546   914   958  1191  1085
1164    1970   967  1281  1018  1448  1387  1350  1465  1026   985   651
1164    1980  1388  1507  1001  1222   527   832   906  1170   970  1155
1164    1990  1040  1167   977  1247  1083  1229   316  1084   967   719
1164    2000   863   832   652   774   751   987   917   888   614   819
1164    2010  1340  1131  1471   971   467 -9999
1169    1870   241  1032  1634  1503   696   717  1212  1294  1678  1517
1169    1880  1182   841  1175   948  1251   828   723   466   609   997
1169    1890   605   704   486   336   684   519   504  1222  1158  1324
1169    1900  1139   858  1158  1232   326   791   695   447   582   385
1169    1910   741   612   875  1287   763  1194   734   604   654   863
1169    1920   573   919   729   819  1263   364   759   809   932  1093
1169    1930  1000  1216  1442  1449  1103  1348  1129   753  1309  1101
1169    1940  1321  1233  1277  1434  1259  1764  1612  1590   894  1200
1169    1950   964  1113  1252  1481  1590  1217  1254  1734  1369  1462
1169    1960  1290  1827  1414  1870  1445   886  1200  1200  1190   858
1169    1970   919  1128  1237  1307  1055   996  1136   752  1119   970
1169    1980  1162  1174   920  1100   655   907   718  1150   791   959
1169    1990   800   926   609   734   628   691   283   534   597   482
1169    2000   585   513   533   648   638   544   334   563   385   509
1169    2010   613   550   572   614   667 -9999
1152    1900  2166  2667  3023  1312  2175  2017  1754  2063  1379  1794
1152    1910  1321  2072  2286  2091  1610  1550   890   786  1373  1886
1152    1920  1966   942  2018  2055  1322  1177   708  1403  2002  1316
1152    1930  1974  1423  1450   839   346  1436   982   676  1304  1933
1152    1940  1818  1977  1829  2254  1423  2711  2447  1748   782  1241
1152    1950   976  1093  1226  1454  1303  1260   927  1006   684   632
1152    1960   643  1340   778   985   529   560   798   517   343   506
1152    1970   772   609   473   899   852   943   912   608   979   616
1152    1980   766   897   969  1201   485   833   899   377   720   751
1152    1990   698   772   836   762  1164  1005  1471   518   857   825
1152    2000  1184   845   904   754   949   944   942   669   831   542
1152    2010   323   781   760   558   543 -9999
1162    1922   569   927   979   662   683   712  1068  1183
1162    1930   908   865   905   890   609   789   612   648   944  1114
1162    1940   949   910   951  1100  1570  1000  1174  1014   695   913
1162    1950   709   817   840   833   881   829   598   860   666   761
1162    1960   487   831   661   857   645   603   902   872  1135   853
1162    1970  1057  1020  1201  1228  1311  1263  1153   794  1320   982
1162    1980  1258  1393  1258  1499   733   956   839  1105   957  1124
1162    1990  1191  1185   972  1280  1079   953   472   922   775   797
1162    2000   934   967   912  1011  1255  1246   831  1079   782   944
1162    2010  1252  1098  1279   909   964 -9999
1173    1920   606   675   697   759  1256   864   842   582   688  1004
1173    1930   883  1039  1282  1593  1009  1706  1867  1505  2736  2195
1173    1940  2063  2051  1982  2040  1612  2095  2065  1744  1706  1496
1173    1950  1247  1112  1557  1971  1890  1528  1204  1920  2056  1695
1173    1960  1135  2171  1507  2324  1461  1170  1468  1475  1612  1400
1173    1970  1537  1594  1522  1639  1713  1338  1811   936  1546  1292
1173    1980  1326  2160  1782  2113  1086  1350  1020  1703  1252  1535
1173    1990   931  1686  1492  2004  1361  1786   511  1169  1261  1849
1173    2000  2151  1958  1697  1581  1797  1924  1399  1615  1127  1054
1173    2010  1666  1734  1551  1779  1279 -9999
1172    1955  1015   656   921   730   688
1172    1960   558   729   581   867   662   494   613   680   987   733
1172    1970   669   701   680   868   762   637   658   501   607   471
1172    1980   525   723   632   845   549   623   666   762   656   677
1172    1990   656   712   833  1053   907  1338   488  1042   928  1023
1172    2000  1240  1025   822  1261  1191  1063   803   864   811   807
1172    2010   960   887   887   860   627 -9999
1161    1906  1757  1172  1007   751
1161    1910  1017  1281   754   996   652   368   419   318   570   418
1161    1920   569   800   678   659   819   816   898  1162  1318  1285
1161    1930   948  1236  1482   911   877  1266  1060  1325  1255  1244
1161    1940  1290  1321   918  1240  1167  1148  1478  1137  1208  1146
1161    1950  1868   882   765   877   993   720   553   897   775   912
1161    1960   975  1088  1095   962   803   947   968   885   647  1101
1161    1970   788  1261  1420  1537  1820  1640  1922  1520  1306  1472
1161    1980   901  1403  1283  1369  1402   858   963  1035  1047  1236
1161    1990   996  1078   858   890   975  1019   926   970   971   825
1161    2000   508   592  2136  1660   360   317   455   646   719   718
1161    2010   729   792   675  1654  1110 -9999
1136    1862  1104   857   728   691   520   710   841   496
1136    1870   347   129   200   277   267   227   616   420   580   400
1136    1880   340   261   651   512   708   714   572   239   311   542
1136    1890   603  1037  1062   709   866   518   529  1047  1036  1161
1136    1900  1466  1108  1288  1273   620  1063   717   439   781   840
1136    1910   956   369   813   970   739   634   707   307   201   328
1136    1920   466   646   265   434   624   529   391   264   518   698
1136    1930   349   391   307   402   233   423   328   159   496   559
1136    1940   645   751   561   667   508   973  1005   540   360   574
1136    1950   420   595   674   613   687   604   273   739   444   391
1136    1960   399   885   601  1046   391   380   653   466   588   604
1136    1970   778   410   283   755   683   715   706   381   846   529
1136    1980   454   792   654   856   338   687   804   878   794   942
1136    1990   889   857   592  1365  1111  1079   317   878   804  1019
1136    2000   980   719   527   793   961   659   364   479   295   253
1136    2010   461   396   402   422   377 -9999
1167    1926   916   848   755   726
1167    1930   471   639   884  1080   536   902   652   414   880   561
1167    1940   419   466   362   388   278   580   478   486   308   436
1167    1950   345   546   614   680  1016  1223  1342  1329  1240  1166
1167    1960  1011  1420  1081  1620  1786  1242  1594  1866  2185  2032
1167    1970  1889  2109  1852  1845  1387  1439  1677  1005  1301   629
1167    1980   959  1293   880  1089   661   661   805  1165  1085  1044
1167    1990   857   907   757  1094   889   858   301   858   831   681
1167    2000   742   703   920   580   672   864   632   653   754   519
1167    2010   793   630   654   359   175 -9999
1158    1817   357   253   221
1158    1820   347   179   348   114   287   401   464   200   517   337
1158    1830   495   790   694   284   802   423   231   284   301   280
1158    1840   128   200   116   120   203   231   294   399   534   819
1158    1850   598   860   736   336   367   543   365   543   345   743
1158    1860   618   699   735   765   637   637   792  1211  1466   970
1158    1870   791   285   517   337   205   153   477   418  1013   623
1158    1880   370   116   856   212  1323   903  1008   183   614   850
1158    1890   325   381   488    77   439   464   369   757   731   770
1158    1900   770   464   993  1206   351  1320   816   316   434   381
1158    1910   709   254   519   698   360   418   461   265   413   612
1158    1920   392   663   389   295   774   683   667   328   909  1015
1158    1930   634   603   518   518   307   381   370   275   698   656
1158    1940   666   635   635   688   507   878   751   529   233   582
1158    1950   328   412   444   476   666   592    98   357   434   222
1158    1960   212   392   233   476   413   222   508   402   666   487
1158    1970   518   602   560  1215  1131  1132  1048   709  1016   466
1158    1980  1058  1355  1270  1608   762  1429   974  1132   995  1016
1158    1990   878   961   814  1198   920  1257   307  1005   816   876
1158    2000  1018  1046   761  1142  1003   994   730   847   475   645
1158    2010   890   847   931   814   805 -9999
1156    1891  2195  2671  1961  1784  1651  1385  2438  2253  2239
1156    1900  3142  2257  2390  2522  1561  2553  1853  1831  1962  1500
1156    1910  2038  1386  2028  2519  3048  2415  3378  1630  1525  1738
1156    1920  2109  2134  1300  2097  2155  1858  1200  1149  1331  1513
1156    1930  1467  1395  1208  1316   536   839   924   544  1250  1992
1156    1940  2049  1856  1692  1980  1420  1498  2113  1755   733   950
1156    1950  1099  1047  1481  1328  1594  1585  1449  1907  1483  1900
1156    1960  1544  2517  1785  2150  1385  1107  1180   953   751   853
1156    1970  1442  1161  1081  1623  1484  1160  1227   602  1407  1260
1156    1980  1317  1773  1411  1500   921  1024  1169  1319  1159  1123
1156    1990   916   985   783  1386  1229  1203   466   909   903  1397
1156    2000  1169  1273   936  1237  1336  1209   803   933   719   792
1156    2010  1158  1380  1254  1261   900 -9999
1153    1877   883   957  2143
1153    1880  1302  1398   896  1659   945  1145  1413  1122   576   805
1153    1890  1623  1367  1468  1643   797  1130   872  1443  1665  1624
1153    1900  1522  2639  1571  2738  2809  1269  1879  2227  1910  2085
1153    1910   836  1841  3090  2699  1975  2251  3141  1304  1323  1635
1153    1920  1353  1598  1120  1256  1545  1268   810   621   893   891
1153    1930   735   704   904   664   506   812   580   421   662   704
1153    1940   555   556   557   704   515   725   726   611   411   749
1153    1950   516   664   737   695   760   686   495   895   684   694
1153    1960   526  1011   559  1071   799   653  1027   616   547   620
1153    1970   811   623   694  1064   907   960  1092   694  1236   713
1153    1980   819  1391  1246  1633   586  1194  1198  1276  1183  1321
1153    1990  1181  1480  1057  1853  1241  1576   599  1360  1236  1280
1153    2000   995  1217  1037  1153  1338  1210   701  1022   679   772
1153    2010   997  1191   736   767   521 -9999
1143    1803   136    85    95   162    79    95   159
1143    1810   119   289   409   632   459   287   191   112   259   172
1143    1820   257   152   160   175   307   335   335   127   255   348
1143    1830   282   476   372   424   600   451   304   224   207   235
1143    1840   185   487   650   607   709   807   898   801   731   703
1143    1850  1121  1468  1425  1240   920   743   420   325   262   912
1143    1860  1302  1604  1763  1676  1173  1264  1243  1434  1797  1407
1143    1870  1100   825  1058  1037   804   667   635   856  1874  1481
1143    1880  1079  1206  1535  1291  1217  1386  1259   645   867  1174
1143    1890  1238  1321  1044   830  1069  1111   892  1384  1614  1417
1143    1900  1681  1719  1835  1519   821  1061  1075   788   975   874
1143    1910   844   454  1089  1493  1077   668   689   400   348   629
1143    1920   755   651   608   615   902   574   687   559   759   682
1143    1930   660   680   472   474   408   716   487   358   677   708
1143    1940   595   580   729   668   386   695   736   675   189   586
1143    1950   439   529   560   451   292   262   252   431   535   584
1143    1960   414   602   583   861   509   433   680   744   802   814
1143    1970   638   726   641   857   654   789   692   387   652   531
1143    1980   569   500   490   708   400   438   641   824   742   601
1143    1990   656   873   791  1351  1077   860   420  1163   959  1187
1143    2000   704   834   574   674   658  1136   645   733   551   611
1143    2010   876   697   470   558   237 -9999
1150    1881   415   420   649  1201  1511  1205  1002   564   854
1150    1890   862   525   445   458   340   527   487   451   902  1073
1150    1900   821   699   324   742  1029   904   849   668   230   433
1150    1910   151   396   300   701   914   579   564   728   625   619
1150    1920   660   390   401   288   463   611   446   187   364   259
1150    1930   332   218   280   208   291   145   342   270   187   375
1150    1940   532   428   438   303   394   416   575   470   407   349
1150    1950   192   386   710   561   394   301   197   278   402   328
1150    1960   209   557   330   785   492   565   799   694  1009   919
1150    1970   772   943  1050  1575  1047  1212  1121   711  1149   376
1150    1980  1071  1333  1113  1274   660  1000   851   841   630   714
1150    1990   893   830   811  1463  1062  1064   501  1008   757   677
1150    2000   720   700   522   806   901   848   470   564   586   533
1150    2010   795   845   696   530   574 -9999
1176    1781   378   419   693   352   263   306   320   215   199
1176    1790   226    21    59    48    32   125    99   248   102     5
1176    1800   112   219   141    94    81   176   163   113   186   268
1176    1810   216   265   382   379   282   155   413   210   251   180
1176    1820   173   115    62    90   143   128   214    57   259   211
1176    1830   383   614   340   365   229    75    28   109   164   136
1176    1840    29    41    54   114   106   139   207   280   344   509
1176    1850   454   495   544   242   245   339   249   422   328   581
1176    1860   496   476   591   496   559   521   626   593   593   402
1176    1870   735   585   843   440   300   260   560   490   741   779
1176    1880   415   354   674   661   872   579   575   348   606   902
1176    1890   528   700   500   369   563   493   412   977   878   858
1176    1900   766   508  1061  1096   322   875   635   464   527   282
1176    1910   619   537   861  1174   797   666   820   698  1067   917
1176    1920   665   616   558   521   885   830   844   957   834   978
1176    1930   970   887   888   892   638   836   878   415  1240  1391
1176    1940  1155   974  1143  1046   840  1055   888   918   601  1066
1176    1950   749   960  1382  1460  1258  1027   867   984   921   931
1176    1960   751  1247   813  1088   612   391   613   760   781   612
1176    1970   843   727   505   863   956   830   872   462   765   827
1176    1980   933   934   988  1240   588   678   905  1290  1198  1740
1176    1990  1293  1451  1231  1624  1566  1650   672  1187  1009  1304
1176    2000  1620  1718  1646  1724  2117  1598  1090  1270  1005  1302
1176    2010  1830  1913  1467  1851  1054 -9999
1149    1892  1626  1995  2069  1596   785  1361  1528  2050
1149    1900  2527  1943  1681  2404  2090  1664  1980  1878  1642  1932
1149    1910  1806  1454  1774  2035  1871  1972  1438  1221  1470  1407
1149    1920  2209  2133  1601  2736  2565  2270  1697  2025  1881  1883
1149    1930  2038  2155  1862  2115  1596  1040  1716  1778  1973  2230
1149    1940  2519  2770  1926  1759  1186  1063   758  1378   933   637
1149    1950  1055  1420  1357   746   706   616  1368   976   974  1333
1149    1960   774   697   659   699   826   839  1104  1833  1830  1215
1149    1970  1094   919  1200  1290  1107  1055  1013   677   894  1018
1149    1980  1289  1325  1405   905   247   233   275   527   644   660
1149    1990   526   952   497  1016  1459  1651  1397  2432  2653  2043
1149    2000   825  1500   867   773   561   878   243   370   328   392
1149    2010   612   647   781   762   582 -9999
1145    1906   876   513   487   520
1145    1910   677   646  1012  1110  1011   796  2058  1142   730  1490
1145    1920  1211  1261   954   941  1486   990  1046  1145  1327  1152
1145    1930  1071  1129   813   826   531  1291  1053   683  1181  1259
1145    1940  1323  1095  1030   977   532   702   677   607   249   404
1145    1950   352   611   857   617   501   480   372   481   608   637
1145    1960   941  1314  1119  1332   678   617   918  1442  1822  1545
1145    1970  1759  1487  2047  1312  1204  1253  1483   973  1410  1035
1145    1980  1227  1155   752  1110   961  1243   961  1594  1379  1725
1145    1990  1485  1524  1359  1990  2023  2105   718  1717  1220  1421
1145    2000  1292  1104   965  1287  1533  1932  1205  1523  1313  1486
1145    2010  2207  1968  1545  1931  1629 -9999
1148    1927   178   178   130
1148    1930   246   299   281   202   472   489   222   113   186   135
1148    1940   395   313   375   200   115   301   290   363   175   191
1148    1950   200   311   445   351   363   479   819  1087  1169  1002
1148    1960   951  1064  1086  1158  1345  1298  1271  1557  1873  1588
1148    1970  1376  1510  1642  1062  1402  1274  1427  1210  1209  1380
1148    1980  1552  1255  1055  1318  1022  1033   939  1150  1245  1487
1148    1990  1520  1093   972  1341   865  1121   746   666   881   744
1148    2000   632   843   863   800   940  1100   878   887  1013   729
1148    2010   614   635   466   481   276 -9999
1138    1764   488   118   124   192   149   135
1138    1770   187   161   268   203   214   201   349   753   298   304
1138    1780   293   388   363   262   267   345   365   424   294   246
1138    1790   449   350   409   233   320   296   316   314   233   212
1138    1800   200   327   273   399   314   351   242   220   320   235
1138    1810   235   288   261   336   272   438   467   286   382   347
1138    1820   182   400   355   325   184   304   274   273   177   271
1138    1830   268   396   383   389   129   183   264   181   369   286
1138    1840   286   328   144   177   186   214   195   175   194   166
1138    1850   156   184   201   220   175   232   299   300   246   322
1138    1860   180   200   261   174   342   244   482   338   320   433
1138    1870   509   488   332   354   507   705   517   519   362   531
1138    1880   255   157   197   332   330   513   435   321   340   533
1138    1890   397   563   329   339   223   310   403   354   378   328
1138    1900   301   342   263   362   714   436   455   346   247   511
1138    1910   704   231   498   160   173   121   110   161   102   233
1138    1920   425   290   190   421   210   355   503   495   523   299
1138    1930   539   602   448   450   444   668   584   360   328   355
1138    1940   411   203   382   393   291   551   521   388   115   385
1138    1950   186   268   452   266   316   388   204   410   318   277
1138    1960   246   466   178   453   206   155   361   329   361   268
1138    1970   391   451   294   467   363   342   375   250   437   187
1138    1980   208   374   333   375   220   188   209   283   293   220
1138    1990   241   345   220   314   345   375   122   448   361   372
1138    2000   403   373   435   393   331   538   269   373   246   341
1138    2010   532   345   302   300   324 -9999
